,Z1,Z2,Z3,Z4,Z5,Z6,Z7,Z8,Z9,Z10,Z11,Z12,Z13,Z14,Z15,Z16,Z17,Z18,Z19,Z20,Z21,Z22,Z23,Z24,Z25,Z26,Z27,Z28,Z29,Z30,Z31,Z32,recon_err,y
TCGA-EY-A1GK-01A-11R-A13S-07,0.16041201,0.48847806,0.4872511,-0.3813669,-2.4839246,0.162233,-0.706514,-0.4359459,-0.5068921,-0.031187791,-0.83066887,-2.2870471,1.0361127,1.1129854,0.31549594,0.68607986,-0.21089871,-0.4369924,-3.8392696,-1.6808195,-1.0472203,0.20795804,-0.9868833,-1.2346481,-3.3399975,-0.56343526,2.2043219,-1.4421704,2.3072066,3.552503,1.9134927,-1.8091774,15.41492,0.0
TCGA-FI-A2CX-01A-11R-A17B-07,-3.6142774,4.4676538,-4.624421,-1.9407107,5.503517,8.898105,6.2894006,1.7973694,-6.017203,-8.9679985,-5.1888914,1.2560822,4.5488663,-1.05343,-0.35156074,-3.849351,-1.1367372,-6.17833,-3.2899857,-4.871344,5.644786,-0.7285129,-4.3286357,5.89861,-1.3465506,-2.7979238,-0.61101687,-1.1546801,6.4869914,-0.94989485,4.742375,0.38958886,11.567455,0.0
TCGA-AX-A3G3-01A-11R-A213-07,-0.55903214,1.6437683,-2.5605047,-1.8825914,4.30623,6.4069757,2.8145275,-1.3323131,-0.4106036,-3.5899913,2.175907,5.0813637,2.1753197,2.465825,1.7476014,12.363192,1.1035587,4.0556846,-1.6763476,-6.4576116,6.6069574,1.9813315,-6.6805534,0.45097798,2.2943857,-0.43263066,-4.263624,1.1726204,5.879416,0.7424651,3.641556,0.65042746,15.213572,
TCGA-A5-A0GM-01A-11R-A040-07,-0.52097183,-2.7801027,-1.5718278,0.18220492,-0.16388966,0.78854626,0.3365569,-0.21694952,-0.9391224,0.27015013,-1.7611462,0.40446755,2.0826077,1.4607606,1.2647324,-0.30738926,0.24880067,4.54827,-0.18013348,0.09089138,-0.46909985,-2.188277,-2.6481268,-0.5188235,-0.84594744,-1.1107987,1.9411212,-0.8579228,-2.3234682,0.19077466,0.11098147,0.97114044,11.170344,0.0
TCGA-BG-A0MS-01A-11R-A104-07,-0.63817006,-0.2759869,-0.011261107,-0.5551032,0.74808353,-0.6537613,-0.5960555,-0.8277342,0.59713763,-2.076882,0.12528014,0.08605657,1.8936818,-0.27335715,-1.2230021,-0.66858315,1.4505155,1.3148421,0.30564868,-2.138318,0.8975041,0.09503911,-0.98726726,-1.3699925,0.29780498,-0.26529154,1.0535789,0.73759466,-0.2398777,0.18714172,-1.3023664,-0.28207725,7.523183,0.0
TCGA-B5-A0KB-01B-11R-A14D-07,-2.17434,-1.363516,1.5472411,-1.5009164,1.8085052,1.4453028,-0.6099974,-1.0122049,2.3741553,-5.317685,-2.4083169,-0.4263007,1.2013202,-0.64226884,-2.7547395,0.65452284,-2.0648577,0.6575889,-4.408064,-2.853569,1.8572739,-7.535826,-0.8071042,3.2798965,-3.5012765,-1.0328792,1.2019068,4.7866263,6.00994,1.8569666,2.1405616,1.3933042,14.661482,0.0
TCGA-BG-A0M8-01A-12R-A104-07,-4.1766853,-2.1137378,-6.3583183,1.6854331,0.9813495,6.1672153,0.2915059,3.050529,-1.1955799,-1.7308593,-4.115572,1.8489908,0.9169825,3.257075,0.47196296,0.42026377,0.6707406,0.5440146,0.21082395,-3.2413118,1.3504738,-1.3678975,-5.029051,3.622273,-1.1141187,0.18971086,2.1411362,3.382193,0.09076148,0.80241215,0.9336937,0.6817325,9.045208,0.0
TCGA-AP-A05D-01A-11R-A00V-07,-1.1058687,-8.319097,2.2593553,0.20314701,2.2805562,6.109452,-3.657762,1.6000719,4.0738344,-4.1662054,-0.09139883,2.766255,1.9971862,-1.1862391,0.34812054,3.4514291,1.5074542,0.07600088,-0.23019557,-4.301321,6.023147,-5.1819825,-4.2052836,6.456416,-2.468607,-2.1432197,-0.0058070864,5.439732,1.2668159,-2.6768854,2.7973623,-0.48071897,14.657679,0.0
TCGA-AX-A2HF-01A-11R-A17B-07,3.2060652,-3.4133286,3.2524037,-1.6582348,0.37327388,-0.68157756,0.03978437,-1.3030443,0.18502225,-3.1298425,-0.013424477,0.24590512,-1.7100796,-0.03434355,-2.2935433,2.8842783,-1.2937257,1.2444577,-2.3175697,-3.1760764,3.5007436,-6.3955464,0.3332622,0.14434366,1.102215,-1.0887315,0.16094227,-1.6462824,1.2833536,-2.004246,-0.87172407,2.9172678,14.108192,0.0
TCGA-AX-A2HD-01A-21R-A17B-07,-1.3086021,1.4697232,2.8670413,-2.7273133,-1.7786524,0.7263221,-1.076989,-1.5943525,1.6446187,-4.1179595,0.25760445,2.0596485,-0.7371015,-3.1887023,-2.0407019,2.724291,-0.0019034026,-0.80187243,-1.3837771,-0.66101897,0.42765823,-1.6394273,2.5561485,-1.5542958,-0.46071666,-2.8898218,2.0342324,-0.010469582,1.4342415,-1.077854,0.1356158,0.13256875,11.423335,0.0
TCGA-BG-A0YU-01A-21R-A10J-07,-1.8069761,-2.4108071,0.49638513,-1.0900905,-1.2356576,-0.07426583,-1.4710056,-1.8684267,-0.6905446,-0.33857882,-2.2738063,-0.39608568,1.4512023,2.5719602,-2.932555,0.47502208,-0.8050316,2.1648474,-0.40949845,-1.3309473,1.736467,0.5384032,-0.51190233,-1.9730436,-3.5222092,0.5023008,2.9926436,-3.2161267,0.043038506,2.293157,-1.043799,0.16233885,9.735928,0.0
TCGA-D1-A102-01A-11R-A10J-07,-1.3898208,1.4595909,-0.7420213,-1.1504997,2.3298478,-0.4178436,0.83309954,-1.729277,-0.30760735,-3.9707851,-1.9327933,-0.16455136,2.0390332,-0.49568227,-0.71571153,-1.1348165,1.4467356,2.1055822,0.12699413,-1.3346422,3.2102408,0.33876324,-2.2343466,-2.242105,0.12149254,0.49846897,2.431257,0.8590664,-0.5580748,-0.4623443,-1.8913099,-0.15298899,11.984666,0.0
TCGA-AP-A3K1-01A-11R-A213-07,0.8053104,-2.3750465,-4.414657,2.1969213,2.2258852,1.3109288,-0.7366621,-1.1042157,-0.5875081,4.677304,6.50028,1.4677724,5.841884,1.8234187,-0.087349266,2.1544402,-1.6978128,2.1575778,-1.9656961,0.70017844,2.5349805,-2.94438,-4.3948975,-1.4817566,1.4204575,-1.4867116,0.15590426,3.4237616,0.31722772,2.644494,-3.3724217,-1.5495514,16.349644,
TCGA-B5-A0JU-01B-11R-A14D-07,-1.961934,-0.53600496,2.10661,3.0032432,-0.15372714,-0.17915785,0.5373873,-1.54977,0.9924223,-3.3940055,0.5122493,1.0239533,1.6954403,-0.7655686,1.8012711,-0.34223655,-0.9992696,3.0776927,0.21706653,-2.3497117,-1.1722589,-0.9309709,0.9145357,-0.7775287,-3.7616324,-3.5405884,1.6548654,0.8849845,1.2917457,-2.458106,-3.1898932,-1.0338314,12.141597,0.0
TCGA-FI-A2EX-01A-11R-A17B-07,2.3935926,-1.7667488,-0.026797112,-3.2296205,4.272839,4.6356444,-0.53215706,-0.10262282,1.6431985,1.1761881,3.333683,1.0999148,4.8163652,-0.91366726,-0.91044575,1.5727366,-4.50306,1.9453799,-4.602061,-5.274104,2.2095954,-6.214675,-1.8306888,1.6592877,1.4898179,-2.049389,3.8892536,0.83265173,0.2188034,4.0744286,-1.9378686,-1.2998471,18.757238,1.0
TCGA-AP-A05P-01A-11R-A16W-07,0.6363605,-1.3519568,-2.0851548,2.382562,0.22641064,-0.74167526,-2.6758294,0.021733843,1.864833,-3.4982753,-1.966748,-1.600717,-0.8634069,-0.12381525,-1.6408098,1.4265904,2.7504551,-3.9752696,-1.1564152,1.5211418,3.8320212,-0.53627324,-2.9428802,-0.38956672,0.12893069,-2.7892501,1.7592136,-0.42165664,-3.5874467,0.25300917,-1.6670535,-1.198862,8.63868,0.0
TCGA-AP-A1DM-01A-21R-A137-07,-0.16443786,-1.4332956,-2.320538,2.436057,-2.018649,1.9872004,-0.30781078,0.032614835,0.6442109,-0.8086001,0.15035379,0.7544897,1.7447067,-1.6381044,-0.22311349,1.5484291,-0.22101066,1.746106,-0.39389554,-1.618152,-2.8502667,-0.7912939,-1.0091759,-1.1517576,0.34825134,-3.2019951,3.0576985,0.41406214,-2.1347594,-0.68464893,-0.36917016,-2.2190661,5.891966,0.0
TCGA-AX-A05Y-01A-11R-A00V-07,-5.314572,-4.8429,2.3871822,-2.2380702,0.9190048,2.0240023,-3.9856327,-2.015038,0.17383827,-1.775626,-5.0021367,5.429075,2.0374897,-4.615378,-0.33490077,4.5682273,-0.4159388,1.548011,3.5967712,1.3600495,1.6736118,-3.9778283,-1.811526,1.0261006,-1.5151597,-5.0536475,5.519738,0.9006979,1.5605943,-2.0168352,0.75324696,-1.8610523,10.990064,1.0
TCGA-AP-A1DH-01A-31R-A137-07,1.4214418,-1.4454267,-1.1702518,1.2419903,-3.0744262,4.4651504,0.8580772,1.5598222,-1.1051316,-0.13676818,-0.029457513,-0.9821082,1.3677051,-1.2803507,0.5474928,2.213767,-1.3353637,3.5907588,-2.2278855,-0.42691472,-3.9330235,-0.95304185,-2.9054513,1.1752659,-2.869013,-2.350552,1.557877,-1.7752614,0.45939478,-2.6072614,2.933907,-0.45677486,14.888142,0.0
TCGA-D1-A0ZQ-01A-11R-A118-07,-0.8196862,1.6747177,-4.672108,-0.32992658,-1.7272704,2.0764575,0.93901914,-2.631734,1.376486,-0.7177729,-3.840777,0.40039966,-0.33561957,0.68510234,-0.36220694,0.9417718,1.4313054,1.6190257,-2.7053754,-3.5277948,-0.539392,-2.5707073,-0.1844881,-4.0509653,-0.061235297,0.20524709,3.5856242,0.5094303,0.3286366,4.465969,0.83264077,1.8032354,15.86903,0.0
TCGA-BG-A0MC-01A-21R-A040-07,-2.6146173,-6.268938,-1.9471194,-0.53800017,-1.6337941,2.0275342,-5.13325,0.6114259,-2.2030067,-1.7924622,-0.9015785,1.8467934,2.211982,2.5860322,-3.7089427,1.7565352,0.322783,2.475764,0.22192816,-2.5344617,-0.47553617,1.8911574,-4.896914,3.6377566,-1.4707391,1.6037531,1.5330901,0.87462306,-0.7685987,2.7317657,2.8822362,0.47992018,8.252247,0.0
TCGA-D1-A16D-01A-11R-A12I-07,-0.8104483,-1.4194077,-1.2151692,1.0468202,1.4785804,2.3856704,-2.0022147,-1.2871019,0.6525109,-3.040715,-0.63073534,0.77970845,0.98679894,1.8787752,0.19323681,-0.1413022,0.64426905,-0.4656821,-0.21854305,-2.1401768,0.76239145,2.1070037,-2.2069204,1.1712103,-2.719397,-1.6559186,-0.7971105,1.6493933,-1.36375,2.3956773,0.1940864,-0.42432788,3.6704566,0.0
TCGA-AJ-A3EJ-01A-11R-A19W-07,0.80383635,-0.20699295,-0.06652393,-0.5380283,1.6640503,0.7990352,-0.38543397,-0.6796642,-0.43995264,-4.686277,-1.5026304,-1.9335687,-1.1415114,-0.31442454,-2.4002202,6.9222593,0.9558791,-3.0255702,-0.58277047,-2.3654187,7.2422824,-2.4472425,-3.3592734,-1.8524492,-0.21331379,-2.3364496,-1.9121346,3.9194183,0.086370945,0.071644045,-0.92119783,1.0717857,17.921837,
TCGA-DI-A2QU-01A-11R-A18M-07,-2.4098241,-4.584739,-3.379859,-5.9166584,1.008135,5.089525,5.320581,2.6102521,3.075942,3.928533,-4.614499,1.2651001,-2.3759487,-1.4953638,0.26589397,1.8579296,-2.0660493,5.2102256,2.277467,-0.25158846,2.5750124,-6.0203567,-2.6724644,0.36569583,-4.180504,-7.471994,4.454245,-2.060859,4.4518285,0.6617708,-3.337871,1.5220282,15.652782,
TCGA-EO-A22Y-01A-11R-A180-07,-4.0177817,0.6796094,-0.9793615,-1.9752932,-1.8290987,0.7324937,-1.3158813,-0.7006761,0.7083992,0.053329803,-0.47872162,-0.11721968,-1.2541885,-0.89154154,-4.1212873,4.6237774,1.8115917,0.09289752,1.1234239,0.6049409,4.3393235,-0.36211336,-1.0944599,-3.4842045,-2.2816014,-2.1855514,1.0602311,2.7243109,2.9779952,1.1292173,-4.664247,0.14764096,16.667452,
TCGA-B5-A1MX-01A-11R-A144-07,0.4066309,-0.25755253,0.24965538,-4.004351,0.16498168,2.7926066,1.4150782,-1.8602083,-1.292411,-0.21852516,-2.1149063,0.4876804,0.6438512,-1.7774891,2.1222463,0.05100547,-1.3061537,1.112953,-3.6895542,-0.3041397,-3.0339742,0.43943265,-1.4191129,-2.5636144,-3.900442,-1.2927986,0.90795106,-0.40781963,0.42514536,2.3400593,0.2904333,-0.9522976,15.982261,0.0
TCGA-AX-A0IU-01A-11R-A16W-07,1.4082845,-5.6675124,-0.44516787,-4.184564,1.3663208,1.8723333,-0.813623,0.21423495,3.1342452,-0.43830478,1.0734277,2.429538,0.048785936,-1.3809134,-0.3759789,0.3345627,-2.423738,2.8741827,-3.5329185,-1.7787699,5.4568014,-1.6422435,-0.49744397,0.15754434,0.64461607,-3.2834616,2.2952766,-4.858758,-2.1294649,4.1409206,-1.1563623,-1.4320922,20.689672,0.0
TCGA-EY-A1GH-01A-11R-A13S-07,0.19321515,0.5952472,0.6733613,0.59410477,0.1304518,0.15533862,0.04109752,-3.3153067,1.4365587,-0.39287093,0.69409585,-0.65353817,2.2575276,0.25904685,-1.9448783,-0.7227682,0.18063676,-0.41663814,-2.8690956,0.35142538,0.97124803,0.33739334,-0.6833549,-1.0610402,-3.2063558,-2.0596352,-1.6342653,-0.9725913,-0.04928541,1.0582387,-2.1242537,-2.741356,7.390086,0.0
TCGA-AX-A1CC-01A-11R-A137-07,-0.08266286,2.7622604,-1.6228548,-1.4123976,-0.38566798,3.8273518,1.7751352,0.5504214,0.6195254,-7.481664,-0.14303274,2.4674451,-1.789158,1.2565639,-1.205477,3.6084712,0.9581144,-2.8523846,-3.4294376,-1.9536744,2.669025,-1.7619938,-0.8581538,-1.9965795,1.5581175,0.111607976,2.391899,-0.20533669,0.33912084,3.3745472,1.7214208,3.238812,9.770589,0.0
TCGA-AX-A1CK-01A-11R-A137-07,-2.5513213,-3.7929773,-2.9716382,-0.54909956,-2.2983322,-1.8649901,0.73388773,-0.8589626,-0.61281866,2.1973944,-0.47691596,0.75604457,0.07634508,-0.55743706,-0.21612556,1.4286425,-0.43772838,5.9051676,0.74959373,-2.3428204,-2.527515,-0.9287412,-0.651625,-3.2202368,0.33028957,-2.96205,2.9944797,-2.7407215,2.504367,-1.5528483,1.7899129,0.8826331,12.301854,1.0
TCGA-E6-A1M0-01A-11R-A144-07,-0.68812495,-1.3715369,1.7289029,-3.174839,-2.7309842,0.15690647,1.9484609,-1.5437808,-0.6282996,0.61193055,-0.11979402,-0.66541904,3.1619303,-3.829544,2.6865902,-1.881177,0.10858276,0.6954075,-3.0865633,2.6092184,0.16111314,-4.8852735,-1.2653508,-1.871419,-3.5662746,-0.6410634,-0.6883031,-2.7071104,0.94938195,-2.9396784,-1.8799251,0.94404936,16.64419,0.0
TCGA-D1-A3DA-01A-12R-A213-07,0.8680073,-0.80153346,-0.9492912,2.2244494,-0.017305765,-0.67883986,-2.5808294,-2.6930082,-0.42726538,-4.0549912,0.6663274,-1.914375,1.1221308,-1.3220788,-1.0612661,3.5232613,0.57770467,-4.9013276,-0.5942273,-3.1274593,4.332555,1.1264604,-1.8366326,-1.5970061,-1.741097,-5.9429793,-3.142128,3.678887,-0.4659833,-0.4898942,-1.2588619,-1.0122906,13.978128,
TCGA-D1-A17L-01A-11R-A12I-07,-3.3488605,-4.717001,-5.9877586,0.43212265,0.13603391,0.70644104,-3.2384803,-1.5395474,-1.5402964,1.5317222,-2.4256535,4.520149,-1.9933217,-0.9749384,0.58489054,0.33113077,-1.2938,1.2510035,1.8209485,-3.3501256,-1.6767353,1.5338165,0.16730155,-0.649205,-1.7856438,-3.5398722,0.7620624,-1.7668337,4.0667167,2.2005959,6.4284706,-0.8309581,11.120139,0.0
TCGA-B5-A3FH-01A-11R-A19W-07,-4.7553787,-0.6737984,-3.0481703,1.3155097,1.3716246,1.3135996,-1.715707,-5.291538,-3.262902,-3.5966375,0.06560716,-2.9293299,-2.9444501,-0.3814117,-4.4873514,2.8620903,-2.798358,0.12581517,-1.2914642,1.7238765,1.927607,1.3352181,-2.8451393,-1.0278691,-5.6811757,-4.019642,-0.64506185,3.9136653,3.125858,-0.7550632,-3.5112166,-0.047889315,14.074812,
TCGA-SJ-A6ZJ-01A-12R-A34R-07,-2.5350068,-3.7406366,-0.55749,-0.46238762,-2.6890066,-0.47482598,-1.7029885,2.5275786,-1.4210579,0.2677205,-0.41561717,-0.35093504,1.619984,0.7793298,-0.1470991,1.5601358,2.7856388,2.6082168,-0.6943825,1.4969286,1.9227183,1.0334215,-2.970785,-1.9059011,0.39806372,-0.2067641,-0.31982434,-0.92408556,0.78592265,-0.21231908,-2.2849994,-0.500329,3.5618522,
TCGA-BS-A0UA-01A-11R-A118-07,0.12535301,-1.0938641,0.69321114,1.6011902,-0.91029227,1.8693124,-2.4380956,0.8252627,-0.14731151,-4.130133,-1.9296546,-0.6493267,-0.14573146,0.7935848,0.29845944,1.4944174,-0.7277158,-1.3306708,-1.9486067,-2.2527103,0.149065,1.7204733,-2.3119433,-0.16977195,-1.5736507,0.61211544,2.8207805,-0.71232027,1.3674103,3.1502771,1.1613464,-0.96440524,8.032479,1.0
TCGA-A5-A0G9-01A-11R-A040-07,-1.8348854,-2.5322003,1.1360637,0.43523633,-0.2500688,0.54801774,-2.2844062,0.72926754,0.5280908,-0.89048207,-2.6121993,1.669093,0.42409515,-2.2668548,-0.4341005,0.97073376,-1.3585905,0.7412859,1.7698168,-2.307355,1.6792444,1.0915738,-3.2416928,-1.218305,-0.12610063,-1.539615,1.4513962,2.6976383,0.5173038,-0.036898598,2.3217027,0.7230221,6.5147023,0.0
TCGA-A5-AB3J-01A-11R-A40A-07,-2.7337866,1.6268327,-4.956436,1.167981,-1.864941,0.60098094,3.1995788,-0.26751897,-1.6099081,-3.7902422,-2.0035381,1.2486343,0.009777543,2.7373672,0.19439238,2.3563168,1.4912566,0.18964303,0.47915515,-4.9443307,1.2755734,1.3155736,-0.6176081,-5.233762,1.8856415,1.1731813,4.0537763,0.81357574,1.9206054,3.0164833,-0.94818765,1.38984,5.5661554,
TCGA-AX-A1CP-01A-11R-A137-07,2.1441975,2.7886157,-1.7102201,-0.5860249,-1.4467164,0.69663805,-0.5286569,-1.0094912,1.3291521,-3.6899521,-1.2052008,0.6478318,-2.564967,2.9497683,-5.0844264,2.0195444,0.83923644,0.98509115,-3.4265344,1.4918795,3.1557589,1.0300347,0.47848308,-0.23335655,1.3270345,-5.6192245,-1.2026991,-0.59105617,0.69975233,0.5234698,-0.86297876,2.5824656,19.948729,1.0
TCGA-AP-A0LF-01A-11R-A118-07,-1.2779591,-1.381629,-11.384961,-3.05453,2.2824078,5.1916203,0.797067,1.5595294,-5.7993026,5.971684,5.6022162,4.712006,-1.2553548,2.2877822,-2.4233818,-0.8038024,-2.1265376,1.2688813,-4.3172436,-3.7335427,-5.203798,-2.9011176,-3.5383403,4.5836377,1.8835,-5.7261543,-0.19841126,1.6895964,4.778218,-2.0724375,0.78263974,-0.39250073,15.119542,1.0
TCGA-E6-A1LZ-01A-11R-A144-07,1.7470782,-3.4813898,-4.4362454,-1.5450839,5.048512,0.26841787,0.679701,-2.0991952,1.6070597,3.328908,0.8741906,1.8123206,3.5283954,0.3980652,-3.8449662,-0.7059649,-3.940998,1.9070979,-5.770156,-6.9107676,-0.9475622,-4.8587165,-3.6009495,3.551524,4.2532086,-4.052219,-0.1601443,0.16028535,1.1433356,2.2511034,-0.5369559,-1.3522838,21.399834,0.0
TCGA-BS-A0UL-01A-11R-A109-07,-1.4941202,1.9977986,-3.9561217,-0.4462492,-1.9325694,4.4910536,2.3169966,0.6948656,0.7702334,-3.5452313,-2.1881428,1.2535506,0.42523748,1.5196329,-0.14015841,1.264251,2.295286,-0.996853,-2.2536952,-1.0991987,-0.6213885,-0.4328579,-0.37237537,-0.49344283,-0.0889536,-0.5277737,2.1006498,0.2735732,0.4650275,3.847125,0.94536483,1.2486796,6.7314076,0.0
TCGA-BK-A26L-01A-11R-A277-07,2.6977289,3.1193347,-0.14827326,-1.6491966,2.6301482,-1.744619,7.345336,-2.1695662,0.53495234,-7.9248457,1.8761253,3.4034615,-0.2615712,6.4852047,-5.398466,-1.9118536,-3.8089592,-3.9357288,-5.5216684,-2.9462638,6.1331367,-4.623668,-3.9050066,-7.365204,-5.853083,-1.6219695,-0.9680092,0.19298106,-3.3575947,0.27406812,-4.1234407,2.4013011,12.035148,0.0
TCGA-AX-A3G7-01A-12R-A213-07,-1.0530591,-5.9858203,-1.6210381,0.42759886,-0.8822311,3.9429522,4.623643,-3.6384997,5.824578,-0.13241771,-0.028349487,-2.1298635,5.838104,8.304844,-0.20446578,2.3524852,5.2135158,0.7879289,-0.92987126,-1.6793568,6.303501,-1.6146053,-2.465104,5.4600563,-2.3877878,-3.442842,-1.4703094,3.240005,2.5432606,0.8361089,-2.2118924,-3.3438442,14.73624,
TCGA-EO-A3KW-01A-11R-A22K-07,1.1090314,0.61545855,-0.1892764,0.9238786,0.73893803,1.6456937,2.6673222,-4.2793107,2.830109,-0.26430416,-0.06177326,1.4396969,2.0964181,1.1524472,-0.18887824,4.0619903,2.4235694,0.67722774,-2.302795,-0.42092854,6.0089855,-0.20564188,-2.4128852,2.7820446,-2.210686,-5.2529798,-3.8727546,3.1218944,2.0912921,-0.0051559964,-0.62997276,-2.8832,18.267544,
TCGA-D1-A16J-01A-11R-A12I-07,-5.341005,-6.4257455,-1.5633992,-1.8573668,0.8259502,9.638044,-1.5480175,-4.956572,-0.9551859,-9.266206,-3.200185,8.576854,3.6405747,-6.8319383,-6.2059,6.388315,2.504563,2.6549609,-1.2321004,-7.629038,-1.0482638,-0.30569127,-3.4891148,6.7213807,-0.2001637,-2.2192035,3.8095748,-0.29249802,-0.59261644,0.6716744,4.8467693,-3.2490766,10.895517,0.0
TCGA-FI-A2D0-01A-11R-A17B-07,0.55624,0.9322453,0.44070715,-2.466242,-0.014526508,1.5963684,-0.7603565,-1.9416761,-0.5419335,-3.8124433,4.418842,3.3477666,3.3121436,-0.7060282,-1.950907,3.6519015,1.0006082,-0.41510487,-2.1101189,-0.5473424,-2.1221507,-3.092932,1.9494473,0.3462546,-0.48678783,-4.5144963,3.1399906,1.3057268,-1.0476204,0.12724577,-0.6129827,0.40842423,15.382373,0.0
TCGA-DI-A1BU-01A-11R-A137-07,2.019296,-0.92196614,-1.8476661,0.30932164,-3.480687,3.6937532,1.5140123,-1.2835311,-2.149843,-0.6495049,0.49697903,0.6050091,3.0396032,-0.5881514,-1.235323,5.56111,-3.826044,0.6796632,-2.54551,-0.20287274,-0.72086763,2.5395806,-0.86566544,-3.2428186,1.9886019,-2.6015677,1.3350267,-2.488763,-0.538346,0.7484181,-1.7286218,-2.185761,16.879519,
TCGA-AX-A3G4-01A-11R-A213-07,-2.2493858,-0.42250922,-5.9997444,-0.5208781,-3.2608874,3.7973635,1.909629,-0.25417227,1.7795784,1.8567107,-1.328596,1.7490739,1.6251534,0.31293914,1.5764757,6.755317,0.062267683,3.9861195,-1.3054597,-0.849405,2.7313068,-3.7293086,-1.3504888,-3.9741979,-1.6099145,0.78009,-1.0308357,1.2773963,0.91350883,3.6255558,-0.24088183,1.5711964,14.903162,
TCGA-AJ-A2QM-01A-11R-A18M-07,-3.923126,1.2072153,2.0533655,-3.2093782,2.9286659,-0.19046459,1.7056843,-4.655755,4.647903,-5.0652013,2.7408175,4.5705647,-0.91516423,-1.6685377,-1.6370199,6.760047,0.14250155,1.3881665,0.18355224,-1.1533647,2.5110621,-1.5428531,-4.583268,-6.9528904,1.0553294,-5.418248,-2.8599262,2.7118857,4.0106525,0.8151782,-0.94426453,3.3498921,20.844166,
TCGA-D1-A160-01A-11R-A118-07,-0.28513792,-0.89647657,-3.062458,1.3201661,-0.3843519,1.7121221,1.5179709,-1.0984428,-0.06487762,1.7832679,-1.3712729,0.38794568,0.9011074,-2.087403,-0.336034,-0.41026312,-0.7952092,-0.9681637,-1.0887698,-2.7807302,-1.3242162,-0.5595163,-0.7531305,-1.1554006,0.07050436,-2.453277,0.8970664,-0.50515246,0.16435882,1.0149697,2.9803708,-1.4923086,9.279916,0.0
TCGA-D1-A0ZN-01A-11R-A118-07,-1.0234029,1.0796282,-1.6843305,1.5335282,0.15258256,0.5201382,1.4289763,-1.9806681,0.114733525,-4.523076,-0.56660694,0.72676104,0.09144306,-0.03866293,0.090168364,-0.30581728,-0.0011783347,0.76900715,0.10140128,-3.6913862,0.33704096,0.75403404,-0.2890335,-3.1495378,0.5178422,0.23004983,2.7687297,0.54517096,-0.98358345,0.79815984,-0.5882655,0.44760013,3.8818805,1.0
TCGA-B5-A11Y-01A-21R-A10J-07,-1.412812,0.68261325,-2.3884277,0.17896372,2.4417198,3.0513625,-0.209407,-1.5785872,0.9583941,-4.7014494,-1.1074133,1.8559102,0.720589,-0.18203062,-0.29207274,0.56553316,0.44125146,-0.45049372,-0.48997277,-1.5246674,0.6061952,3.9081717,-1.6361398,0.92984885,-2.19067,-1.97624,-2.273244,1.0446594,0.5751685,0.6238534,1.4553214,-1.1284969,6.376432,0.0
TCGA-D1-A17N-01A-11R-A12I-07,-4.21693,-6.9570007,-2.7849438,-1.1245438,-1.6482203,1.887319,-3.4904518,1.7883278,-1.9635423,-3.7063625,-1.121005,5.341723,1.008661,1.0589821,0.89713734,0.5698608,2.472944,2.0497212,2.1961057,-2.3602154,0.3969021,-1.2844123,-3.639171,1.6776427,0.80388075,1.7602701,3.8021357,-0.49149284,1.3476154,1.0772161,2.449145,1.5733783,4.163301,0.0
TCGA-B5-A1MS-01B-11R-A22K-07,1.3466142,-0.29075727,-1.724333,-2.4870818,-4.317767,-2.519534,1.4758105,-3.1010804,-1.5704976,-3.4737399,2.7318802,4.839536,-2.6574826,1.6123589,-2.0195913,7.8593707,-3.7072284,4.685525,-2.8133364,-4.9173393,6.111799,-0.11728798,2.8191972,-2.5253077,2.894424,-2.9633136,0.5336026,-5.15945,4.8761964,3.5622919,-4.980387,0.28954124,19.582537,
TCGA-B5-A0JX-01A-21R-A14M-07,0.89835227,0.7751992,1.4466891,-2.8975837,-0.4119222,0.28909558,-0.81763375,-0.5662583,1.1428862,-2.2739863,0.5535813,0.011083431,0.27110586,0.76154345,-2.0238838,0.9944815,2.2577934,-0.505505,-1.4769651,-0.8503995,0.44755483,-1.0351938,0.624774,1.339668,-1.372169,-0.71029717,0.90238947,0.7081859,0.8030689,1.0250102,0.6531432,-1.3798994,9.2939005,0.0
TCGA-AJ-A2QO-01A-11R-A32Y-07,1.6945511,-4.043666,1.3994951,-0.18062346,-1.7412364,8.022046,-1.5054755,-4.5327125,0.22004513,-1.3733062,-0.8963577,-0.05038228,3.5086102,-1.1354225,-0.64430535,1.5876858,-2.8755267,-2.5132847,-3.9876688,-0.37272567,0.039687485,3.2989602,-4.1439896,-0.44455984,-5.461992,-0.29892957,0.3175445,4.3710685,-0.02129095,2.4859412,-3.712453,-2.072122,13.217111,
TCGA-K6-A3WQ-01A-11R-A22K-07,3.9391098,-2.804328,-3.0993133,2.373403,2.1042943,-0.60988617,2.9671943,0.018029805,-1.7973343,1.0733969,2.6894467,1.815073,-2.87025,6.500086,-3.0228589,4.9103403,-3.0963898,3.9743996,-1.4725448,-2.3676374,2.592568,0.072975464,-4.577738,-2.9854844,4.0431995,-1.7752091,-2.585607,-1.2225009,4.3667493,-1.2555373,-3.6372821,2.8598373,16.534557,
TCGA-A5-A0GV-01A-31R-A16W-07,-0.80899197,-1.9213973,-3.3541148,1.5604359,0.18270604,-1.0663275,0.2878055,-1.8134606,0.094608665,1.0917234,2.3477652,-0.06610123,0.013075688,0.765836,-1.0699983,0.6777154,0.8055412,2.8334293,0.53943706,-2.3585615,-2.300946,-0.3958843,-0.65561265,-2.566387,-0.052104317,-5.7157607,0.8177061,-1.1738273,-1.2957228,-1.6723263,0.25730523,0.59004563,11.499608,1.0
TCGA-EY-A1GU-01A-11R-A13S-07,-1.8343781,0.091845326,-1.7083895,1.1541264,1.0494652,0.3982975,-1.0005927,-3.591345,0.44783056,-2.5398414,0.89957416,2.2249706,-1.0117323,-1.3814058,-2.2296324,0.7124194,-1.3379301,-2.465064,0.16609947,-3.7473986,0.3447865,1.2897303,1.0504239,-1.6071839,-0.42534742,-3.7378855,1.8436315,1.1459525,0.226613,0.21282226,0.4487908,-0.81838024,6.3727684,0.0
TCGA-EO-A22U-01A-11R-A180-07,-0.59384704,-1.2491581,0.33155978,-2.3007452,0.3158966,3.5831096,2.6216478,-5.8872623,-3.0341744,-0.5395275,-0.8151285,-1.3906665,3.1458602,-3.5123608,4.1583867,0.79304254,-2.6333613,1.0595,-2.3950784,1.4293811,-0.8717331,-1.6625886,-3.0180678,-3.5144053,-1.6621319,-2.9822927,0.71444577,-0.15964629,2.209228,1.3918003,-4.87532,-0.9198556,22.333958,
TCGA-AP-A0LM-01A-11R-A118-07,-0.018656263,1.6512291,-4.064585,-0.092959434,-1.9015523,4.903773,0.92585695,3.9569597,0.7195522,-1.4372915,1.6737199,-1.0030332,1.2485825,3.4154856,1.9000949,1.2864702,1.9757084,-1.6906961,-4.2607155,-0.20590256,-0.87939477,-1.536138,-2.2475681,0.36141905,-0.5481075,-0.40780574,2.6489294,0.8465674,-0.17453568,3.1351016,0.34413826,2.6910076,11.53738,0.0
TCGA-AJ-A3EM-01A-11R-A213-07,0.5496357,1.4722484,1.6117138,-2.8202748,-5.0055003,7.037072,1.1690842,-0.27609926,4.06576,3.843161,-2.5709324,1.6319836,-0.94825315,-6.5264244,-0.2648208,7.7776885,3.4065244,0.7246616,-5.224835,0.42234635,3.134695,-7.440283,-5.074094,-5.2027245,-3.2629843,-4.3280244,-0.78293943,3.7242944,1.860357,1.5950915,-4.175487,-2.0114172,16.317354,
TCGA-B5-A0K9-01A-21R-A104-07,1.0277613,1.4637433,0.42098555,0.25720116,0.5501998,3.0031219,-0.37166262,-4.7794404,-2.142848,0.17654657,-1.3154533,2.6347651,1.0411307,-3.9786816,-2.1928394,4.8195524,1.4079127,-2.2600985,-0.70788175,-6.793379,-1.3192563,3.4445732,0.24546702,-2.2281017,2.4227302,-4.147405,-0.9081217,1.1758807,2.8786592,1.762407,-0.45227048,-2.4524035,18.319124,0.0
TCGA-AP-A0LP-01A-12R-A104-07,-0.5096079,-3.2606885,-0.8554318,-1.2212136,0.49318084,-0.33798847,-2.7018735,-0.6538143,-1.0909559,1.1259568,-0.08282067,1.2832376,1.8530236,0.32369658,-2.1317194,1.3278039,-0.20716107,3.0636387,-0.25543654,0.1795015,-0.30192077,2.3794584,-1.5951079,0.7403545,-0.73033494,-0.9222449,-0.6136853,-1.3961635,0.813294,1.8982321,2.444894,0.42486587,8.73758,0.0
TCGA-D1-A17H-01A-11R-A12I-07,-0.9022172,-1.1572756,-1.7088935,1.0359305,-0.47557518,6.1137147,-1.5718092,-0.11367987,2.168775,-2.6584759,-1.738759,3.209665,1.245867,-0.040570714,2.080445,0.633526,0.6776483,-0.2917489,-1.1500698,-2.5002916,0.083888434,1.3349771,-2.4465985,0.25945267,-1.4852387,-1.2674451,1.9092281,2.4034355,-1.1761155,2.865851,0.37591457,-0.22860135,11.72583,0.0
TCGA-B5-A1MR-01A-31R-A14D-07,0.18745896,0.48568937,-2.272505,-4.803305,0.6333501,2.198296,-0.16230267,2.3083446,-6.3733597,-3.3078098,-1.173308,1.0630695,4.3403406,-2.024958,-0.64118946,1.7956337,-4.6815534,-2.0936015,-4.074903,-3.7450485,0.17194286,-2.1077847,-0.83720446,2.673736,0.43963057,-0.18061724,3.461177,-3.2220566,5.947056,-2.3635478,4.3215904,2.8989172,15.807355,0.0
TCGA-AX-A3GI-01A-11R-A213-07,-0.44125202,-0.6366905,5.534759,-2.5869355,-1.4995209,-1.6654754,2.7859702,-8.675085,1.0014173,-3.381071,2.6208627,4.0390697,-2.709717,-2.544335,-0.5441711,5.921341,-1.9408804,2.9549677,-3.8870282,-2.6324217,5.1584888,-2.9877274,-1.3615433,-2.6556478,-0.12580189,-3.26962,-2.9484103,-4.2005744,7.641804,-0.55533916,-2.0775301,-1.5158857,17.580338,
TCGA-QS-A5YQ-01A-11R-A31O-07,-3.231622,-3.6949964,-1.0191424,-0.97331744,-0.77899635,-0.6149245,-1.353532,1.803517,-2.6451213,-0.5437051,-0.4143021,-0.12860084,1.3374829,1.1550311,0.45139056,1.8069559,1.3132465,2.814723,-0.95013005,1.6443478,2.2369385,2.6773806,-2.724289,-1.5014541,-0.47810236,-0.5983631,-1.581417,-1.4097091,1.5630665,0.49212578,0.042834092,-1.49899,6.4637966,
TCGA-AP-A1E3-01A-11R-A137-07,0.28452358,1.0430858,-2.0505695,-0.00915787,-1.7146299,4.5141525,-2.0719166,2.3013856,-0.7449822,-0.36643645,1.459044,-2.7351665,1.154331,0.46361572,1.1543933,0.70933115,2.271468,-0.4298382,-3.5674903,0.9731899,-2.766919,-2.5266607,-2.7255948,-0.5753346,-0.3916549,-0.4250827,4.8120365,0.2481066,-0.40827522,3.607815,-3.188232,4.739451,15.366746,1.0
TCGA-EY-A3L3-01A-11R-A22K-07,2.3050826,-0.009013369,0.8610394,-1.9690686,-2.5984612,-3.245695,0.79370177,-5.028978,2.0456147,-6.7413073,-3.9883795,1.3740071,-0.22577144,-3.6946042,-2.9977844,3.6242247,-3.0261488,2.0535345,-5.902029,0.01345466,9.260548,1.6160303,-2.9038236,-7.515041,4.0070996,-5.3532043,-2.1391978,-3.1924665,5.6241817,-1.8219941,-8.577506,-1.4292864,21.357317,
TCGA-D1-A16S-01A-11R-A12I-07,1.8244649,-5.832027,-3.994187,-1.382198,0.08547673,-0.1332869,-3.119597,1.1898744,0.17138672,2.861931,-1.0553217,5.338943,-2.0617642,-0.06079174,-2.2141275,4.7926683,1.4329467,6.3434486,-2.1970394,-3.045219,1.33646,-2.6637971,-1.5960124,1.1258265,4.486063,-1.3727077,-1.0421846,-1.8636068,-3.4694636,3.1800368,1.5904057,2.1918511,12.362774,0.0
TCGA-D1-A17F-01A-11R-A12I-07,-2.6321306,-3.7895393,-3.0458434,-0.036017567,-0.84449095,0.6663113,-1.9845772,-0.9423626,-0.36059818,0.64468926,0.8900966,-0.5233209,1.7976385,2.9278069,-1.9503205,0.3167225,0.7822677,2.367714,-0.13077141,-0.63212895,-0.7231807,1.0881803,-2.7088473,2.6124647,-1.1043309,-2.3959937,-0.63061386,-0.8237587,-1.0415559,1.068933,3.3185148,-0.8003105,7.4353466,0.0
TCGA-A5-A0GD-01A-11R-A16W-07,-0.58543396,-1.4154031,0.6666279,-0.64808893,-0.53497404,0.6726149,-1.6177362,-1.916773,1.2628435,0.80710673,-0.2722152,1.1173943,2.0935369,-1.5711324,-1.9214374,0.1479645,0.20978965,0.54485625,-2.1038713,-0.074274704,-0.7605079,0.8093442,-1.3454225,0.28436407,-1.9283156,-2.0152662,-0.52291054,-1.086274,1.1486856,1.1084858,1.2033958,-3.2353644,10.588158,0.0
TCGA-D1-A16Y-01A-31R-A12I-07,-3.3185406,-10.432055,7.7050616e-05,-1.5679052,-3.872027,1.9910611,-5.4869623,-3.2214177,-2.473188,-4.760197,0.99890435,8.627424,6.437275,-2.4185069,1.1205596,2.4908261,1.0918256,4.420797,0.6146543,-2.8634462,0.20268807,-4.5954585,-3.8932333,0.9012448,2.155069,0.51170677,2.712565,-1.8706545,-3.2885325,-1.8333623,1.6374377,1.4918818,11.848225,0.0
TCGA-B5-A1MV-01A-31R-A14D-07,-0.24089824,-0.48825246,0.11414074,-1.0345333,-0.9757835,0.98116237,-1.7570822,-1.3986819,0.8376511,-2.95466,1.7057699,0.1873935,1.3368764,0.2999883,-0.8063168,1.7652903,1.7484752,0.5836123,-0.9383047,-2.50434,-0.60746926,-0.3066714,0.6473497,-0.6932859,-3.3210092,-1.3094501,-0.3940604,0.40509197,-0.26141882,0.84358376,-1.1381071,1.039674,6.998678,0.0
TCGA-BG-A2L7-01A-11R-A18M-07,0.39905068,1.7505682,-0.3851416,-1.7016724,1.7292043,1.0524913,-0.37808657,-0.6075392,0.20318204,-6.0503407,0.0034273814,1.6164153,-0.6884365,-0.7205583,1.2978323,1.6628089,0.79019964,-0.42270824,-1.6562653,2.0828066,0.2885294,1.9189408,0.72646767,-0.876264,-1.5153339,-0.8899862,0.34753367,-2.739621,3.6839802,1.9116775,1.5737989,3.189367,16.921892,
TCGA-A5-A0R9-01A-11R-A104-07,-1.1263113,-2.0281558,-1.0058593,-0.093896925,0.044782456,-0.055943318,-1.769388,2.1331584,-0.13613358,-0.36861178,-1.2617127,0.16643505,1.2022308,0.34495005,1.6095872,-0.22652121,2.113271,1.703052,-0.21026202,2.2147315,0.49784902,0.07504862,-2.3508606,-0.80270594,0.16278456,-0.67284155,0.6984102,-0.6388284,0.30681053,-0.892529,-0.9610595,1.0207142,5.0005817,0.0
TCGA-DF-A2KR-01A-11R-A180-07,-0.026642354,-2.896533,-3.5965903,3.556109,5.354517,2.9548218,-0.387026,-5.3257847,-1.832029,-0.24906339,0.15393838,1.5134832,-0.7923248,1.4445617,-0.07252286,7.2243395,-2.4367542,1.8371437,1.4827274,-7.155837,2.249476,3.998757,-3.151368,0.43357262,-2.5261617,-2.777328,-2.8435812,2.1201193,7.4963956,1.9244385,-2.9140024,-0.7321682,20.00069,
TCGA-B5-A11E-01A-11R-A10J-07,-1.5843999,1.1469076,0.38144028,-3.8598485,-1.5897086,4.0302496,-0.80656904,-1.880481,0.78403103,-2.263075,-0.04548542,2.7651975,0.12273491,-2.9086962,-0.40581748,2.5223205,-1.5861576,0.12991929,-1.9115949,0.40168968,-3.492452,-2.1046536,1.2487977,-2.998592,-1.1453924,-3.2559435,3.8081343,-1.1328408,3.4073257,0.4431899,-0.68884873,2.8733006,18.621893,0.0
TCGA-EO-A3AZ-01A-12R-A19W-07,-6.184474,-5.0836086,1.4871082,1.6317246,0.79769933,9.031104,-2.9851623,4.990291,-9.605215,-2.0901585,-3.0953743,4.1083817,7.639147,4.104886,3.819359,4.7681003,5.2756133,-2.4081767,-7.9492116,-1.10759,2.7585766,-0.98957145,-15.816285,2.6317635,3.5838368,-4.4224305,-1.48364,3.1461494,-2.8919618,-2.5862484,3.4145036,0.36992568,14.724194,
TCGA-BK-A0CC-01B-04R-A277-07,-1.8259159,5.9274907,-6.0224056,-4.063625,1.4906163,-6.7308025,4.6815214,-3.704347,-7.140015,-4.494601,7.413997,5.6852975,1.3872313,12.105668,-9.766657,1.1924263,-4.1102514,-4.402881,-5.5234156,-6.424094,4.605385,-7.262184,-5.187976,0.6086591,-10.38139,-6.4009113,7.9531612,-3.6870959,-0.934241,-2.1599028,-4.8086944,2.6409082,20.309786,0.0
TCGA-BK-A0CC-01A-21R-A16W-07,0.888877,-0.45362788,-1.0088775,-2.2079253,1.792147,1.3077108,-0.6188997,-3.4185548,-2.008289,-3.0491798,2.571273,2.524605,1.7547903,1.4859912,-5.5523267,2.732323,-2.2717075,-1.1020604,-4.3191977,-3.8807068,5.2463756,-7.271533,-0.5008092,2.9019692,0.7610588,-2.5837438,5.9876966,0.42123115,-1.6006489,0.32929048,-2.4664643,1.5942605,21.021374,0.0
TCGA-BG-A222-01A-11R-A157-07,-0.29905966,1.5567291,2.8018043,-1.8241327,1.2908026,2.810998,-0.91072184,-3.1564445,2.3693879,-4.3807974,1.3369807,2.4328983,0.59726995,-3.584503,-1.9392782,1.2250468,-0.2054339,-3.7792556,-1.5722785,-3.5988057,0.4121652,0.8907302,0.64784425,-1.1166029,-1.1083665,-5.380113,2.2439563,1.9640815,1.6642615,-0.27205023,0.9360306,0.7197642,17.000746,0.0
TCGA-AX-A2HJ-01A-11R-A17B-07,-0.15439452,0.9157304,0.11052888,-0.3462195,-2.6286156,0.2576731,-0.68342835,1.0167521,0.964761,-0.91707474,-1.3553343,0.1427274,0.3538376,-0.44762948,0.848694,0.998659,1.2966737,-0.2593619,-1.6559061,1.5964453,-1.5693772,-1.8940383,-0.21726845,-0.7169783,-1.2218653,-0.96372914,2.7825034,-1.2598433,1.8273451,0.37435535,-1.1868175,0.7062536,6.4772406,0.0
TCGA-DF-A2KZ-01A-11R-A213-07,-0.8742442,-0.42578584,-1.2664092,3.551684,-0.6605922,1.7248312,-2.7512045,1.0534459,-2.1781793,-2.1356301,0.5414912,-0.847758,2.1152492,0.038153555,2.6714735,3.470755,2.2442636,-3.7181969,-0.14140344,-4.093666,0.55984485,0.76526785,-4.6627617,-0.99019194,0.6058985,-3.869078,-0.9593719,4.2348723,0.5465692,0.8020758,-0.18606521,-2.1719787,14.430345,
TCGA-D1-A167-01A-11R-A12I-07,-0.10608275,-3.3825898,2.0689702,-0.8953746,-0.9155459,2.044282,-0.21799816,-4.7330546,1.8906412,-0.5573189,4.5344415,3.9469044,1.5707511,-4.0203114,0.092031136,-0.69822836,-1.7841779,0.20147681,-2.79409,1.3389784,0.651278,-0.5826035,1.3309578,-2.9836712,-3.1706944,-4.600139,0.26971355,-1.2373937,0.6502786,-1.3974197,-1.8505813,-0.28177476,19.49022,0.0
TCGA-AX-A1CA-01A-12R-A137-07,2.0722964,-4.2371616,-1.3477786,-2.9655957,0.0613396,-0.4807114,-0.44236094,0.58430046,-1.1330265,1.4223218,-1.6759546,2.528769,1.2635714,2.8474753,-1.899375,5.4030766,-0.7263943,5.085117,-2.2430646,-4.1952915,2.6891155,-1.720304,-1.8374513,2.478722,3.3091676,-2.952572,1.6785206,-4.6672482,0.14861654,3.2066228,3.7389164,2.7756772,13.030011,0.0
TCGA-FI-A2F4-01A-11R-A17B-07,-2.4853163,0.53942305,0.8304775,-0.48692498,1.1076496,1.2010239,-0.119239055,-2.8945987,1.2676405,-0.73940444,-1.6352881,1.3829894,-0.8716282,-3.1475084,-0.78685665,-0.2502212,0.11641378,-0.6446192,-1.4673445,-1.0992056,0.33858663,0.018982409,0.1738411,-1.0905094,-1.8624983,-2.2242453,0.73508257,0.01887196,2.6473558,0.23312676,4.065444,-2.2879426,11.714668,0.0
TCGA-EY-A215-01A-11R-A14M-07,-0.26994017,-0.5493794,-0.5030001,-3.1060188,-1.427212,1.7067955,0.43601015,-3.6360433,-0.10991459,0.25264606,0.17572287,2.6422718,0.059939347,-3.7132423,-1.1434281,1.9382294,0.026290206,1.3906252,-2.0671222,-3.218939,-3.3889074,0.451929,1.6191136,-1.8039416,-1.418066,-4.597742,2.070219,-3.1863127,1.9512383,0.61505187,1.4799578,-1.4761189,10.720438,0.0
TCGA-A5-A0GX-01A-11R-A040-07,-5.093503,-7.089604,-1.9206336,-0.44985798,-0.9410217,3.1175785,-2.994764,1.2681623,-1.7954797,-5.8359876,-2.4474416,5.621561,1.2881339,0.6546326,1.4621115,-0.21403639,0.76317275,1.0352415,2.892528,-3.8156497,1.8500891,-1.4840326,-4.04277,0.29006046,0.84596264,1.4115299,6.034352,1.3088233,0.7491422,-0.029751258,0.63719743,1.3638009,8.414184,0.0
TCGA-A5-A0GI-01A-11R-A040-07,-1.1447748,-3.6226757,-0.4821295,0.2755765,-2.8149056,-1.7635955,-0.93034387,1.0514896,0.016974786,-1.0996869,-1.5431839,1.046099,0.3743491,-2.3233602,0.099892534,1.0042338,-0.81948745,3.5351999,0.260336,-2.1976056,-1.673588,-0.74767894,-1.234131,-1.8534658,0.76387477,0.48047885,2.158019,0.056768395,0.9770019,-1.4389248,1.176614,-0.05073175,7.75153,0.0
TCGA-A5-A0G2-01A-11R-A16W-07,-0.24558808,-3.5402665,0.24720429,-6.1982965,1.6265284,4.5775404,-0.39895415,-3.8284996,-1.0811663,-0.06180827,4.400986,-1.6085125,3.431388,-3.9157195,1.6946216,-0.30531457,-7.9763327,-1.1411471,-8.254841,-4.2773147,-3.05221,-6.15019,-0.061007425,-0.16690479,1.2381266,-1.1772395,1.3902358,-2.7791374,2.3368459,1.3189858,0.11382128,-1.4526029,22.648426,
TCGA-AX-A2H2-01A-11R-A180-07,4.5084386,-2.2070794,0.21757117,0.06562017,1.1637957,5.0968213,1.650364,2.6845915,-0.74485534,0.216072,-2.302242,3.881842,-0.73204076,1.3983439,-1.2526336,2.6805513,0.20830718,2.5821345,-6.815018,-3.44451,0.938687,-0.6080622,-1.8720719,4.270025,4.2144537,-1.3567526,0.82405543,-6.675094,4.4252887,-3.4650276,-3.0659354,1.2149471,20.550354,
TCGA-AX-A1C5-01A-11R-A137-07,1.1349162,-3.6837928,4.114127,-1.8286985,0.7660841,4.101309,-3.0367084,-1.4648584,-0.36753044,-1.4108592,1.056866,2.897477,1.4325799,-3.059046,-1.783014,-0.84120226,1.3591822,0.3901201,-1.8274491,0.52738255,0.3519705,-1.4207585,-0.45232707,1.3735936,-3.8130686,-3.2368884,0.92982346,3.6154525,0.2314688,-2.081994,-3.7124147,2.137991,19.198492,
TCGA-A5-A2K5-01A-11R-A180-07,-0.41266346,-5.141306,0.37213483,-1.8452909,-3.0699897,2.4556572,-2.5538712,2.766837,-3.8075628,0.9885878,-0.97906613,-1.1737839,2.9189923,-0.68326354,4.2306523,2.8508372,-1.0147804,7.732915,-5.080856,0.025778478,-1.5634303,2.2532957,-7.8635273,-5.692949,0.09588093,-1.9632059,0.26826012,0.0641802,1.7660398,-2.5745902,-0.46646968,-1.2418394,16.734413,
TCGA-AX-A3G9-01A-11R-A22K-07,1.8353763,0.36566108,-2.3277242,5.4879193,-3.994437,3.012106,2.1542606,-1.865902,0.16733737,0.97544014,2.9394376,-1.8330115,4.054821,1.5567191,-0.44071585,2.2934577,-1.3192515,2.6311219,-3.2560012,-0.15319335,-1.4172969,-0.09710648,-1.3329873,-2.8275666,-0.47388932,-5.682552,-2.0781038,-0.6580239,-0.4130078,-0.8410013,-5.464035,-4.8028836,13.458332,
TCGA-B5-A1MW-01A-11R-A32Y-07,-2.937596,-0.54889256,2.4195595,-0.91729796,-1.3333489,1.7542431,1.2255565,-3.3872602,-0.10038873,-2.6525,3.8290212,1.9318743,3.8781502,-4.0844083,1.6362466,1.9996729,-0.1569863,-0.1058267,-1.4012322,1.1300749,0.5600929,-1.7675867,1.2556213,-3.9371579,-2.0286832,-6.2467346,-0.8915545,1.1861318,3.0673943,-1.3756337,-4.7007055,1.1199344,18.418068,1.0
TCGA-B5-A11F-01A-11R-A10J-07,-1.1715444,-1.8586419,-0.3025493,-1.3846259,1.5947034,0.3661642,-1.458287,-0.41983938,-0.63459164,-1.9505179,0.120354354,0.76261866,1.5949277,-0.43486467,1.5318924,-1.5580403,1.6234237,1.621873,-0.6368389,1.508168,1.7294852,-1.4818087,-1.012188,-2.133379,-1.6557362,-0.32972488,2.2740676,-0.6687386,-1.0235698,-1.3865923,-3.2296183,0.6596584,8.028213,1.0
TCGA-KP-A3W4-01A-11R-A22K-07,0.0354043,0.6798574,-2.990365,-0.3144749,-0.23369355,0.45722732,1.0155475,-1.7765763,0.45449123,-4.10464,1.5151474,0.046651136,0.57570803,1.6782835,-2.7396867,2.5584307,1.057021,-0.9201428,-1.859297,1.1174923,4.6564717,-1.1679795,-0.99149185,-1.9790698,-1.281899,-1.679456,-2.7506049,1.740042,-0.15752955,1.8465761,0.25918978,1.1704705,13.654344,
TCGA-BG-A0RY-01A-11R-A104-07,-0.8617819,-1.3735042,-1.9531419,1.0856081,2.790475,1.0793823,-2.345405,-1.7578048,2.8478034,-1.5290781,0.93423486,0.63568753,0.57660943,-0.5419557,-0.15032502,1.2889642,0.29391366,-1.1045507,2.585612,-4.263869,0.67489964,1.3406302,-1.2393389,0.22043385,-1.9995623,-4.6100984,-1.6985757,3.386129,0.65617496,-1.5510112,-0.40652162,2.6331975,14.595891,0.0
TCGA-AP-A1E4-01A-12R-A137-07,1.4627309,-4.324947,-1.615121,2.8579168,-3.3409538,-4.2759657,-3.3665917,0.33562195,0.35923606,-1.3275249,-0.002199701,-1.3026792,-0.4800577,-2.4124246,-2.7611222,4.8539534,1.2412071,-1.3417447,0.18183452,-0.85995203,3.3347178,-4.319941,0.076036,-2.6513596,-0.20464687,-3.4250808,3.2505198,-5.4625,-2.9835646,-3.7604086,-0.61221373,2.376372,14.268279,1.0
TCGA-B5-A121-01A-31R-A118-07,-0.50197124,-0.62527066,1.3492813,-1.0028142,-0.026637692,0.07665709,-1.6956164,-1.5037165,0.6963984,-1.7338765,-1.0419606,-0.19694047,1.0370064,0.61450595,-2.433892,0.082761645,1.0115812,0.66159785,-1.2628517,0.85534173,2.7649546,1.930047,-1.28178,-0.8444253,-2.0608084,-0.29363698,-0.1921466,-1.0445966,-0.38578874,2.187212,-1.0902997,-0.69506913,3.2096293,0.0
TCGA-D1-A1NZ-01A-21R-A14D-07,-1.5877213,-0.2769282,-1.6674796,-0.2199142,-1.300998,-0.59078896,-0.57730734,-1.9990828,0.22370994,-0.3817085,0.039482094,0.47596517,-0.3979333,-1.3000963,-2.6813176,0.6632404,0.17716682,0.49810368,-0.5937128,-0.98815364,-0.11086656,1.3435389,0.5545315,-1.6062958,-1.3477854,-1.2290924,0.46529153,-0.90857273,1.3430369,1.2191904,3.3793402,-1.4488853,4.919483,0.0
TCGA-AX-A06F-01A-11R-A00V-07,3.3372085,-1.016203,1.7518829,-7.987496,-1.4501265,4.405574,0.7920431,-2.8135505,-4.69988,-1.0060072,-0.34309956,0.90728146,-3.7728894,-2.3351946,0.798652,2.6525698,-0.99388635,0.43688568,-4.2559977,-2.0173774,-4.637293,1.0081009,-1.675512,-1.4512198,-0.42050657,-1.1111892,1.6899623,-1.9351709,-1.675926,0.36413607,1.594282,0.8949701,22.35785,0.0
TCGA-AP-A1DR-01A-11R-A137-07,2.3090048,-0.3283922,1.013563,3.6679866,-0.12824583,4.162481,-0.5516018,-0.086467996,2.1894274,-2.432589,1.363835,-0.094227284,1.9636358,-1.1339357,0.118504435,0.3961668,-0.32059598,0.9692236,-2.96983,-0.0810453,-2.3838465,0.68468887,-2.348195,0.71245253,-2.8096347,-4.2279434,1.3931271,2.9586852,-0.6786835,-1.0228698,-2.815599,-2.8830109,13.295941,0.0
TCGA-A5-A0GG-01A-11R-A118-07,0.2548034,-0.06673372,-0.07283089,-1.8528467,-3.7397172,0.9138035,-1.0904965,1.4288691,1.5989462,-1.8408041,-2.3895304,1.0700727,0.59155756,-1.593906,-2.6363742,2.2125793,2.0025945,0.42579272,-4.020516,0.27407655,1.3792504,-0.43614498,-2.2098765,-0.7722776,-0.08837688,-0.119048625,1.4388847,0.22789688,1.7305714,4.650459,2.705385,0.9906014,10.613376,0.0
TCGA-A5-A7WJ-01A-12R-A34R-07,-1.539626,0.538734,-1.4474816,2.1042314,-1.2137734,-0.3536443,2.0372996,-8.115379,-1.1428171,-1.7379978,0.5296365,1.8273685,1.2161711,-5.526777,-3.737086,2.9330757,-2.007125,0.6209286,-2.8849397,-3.3732815,-1.1500099,-0.007685586,0.89875126,-5.8701234,-0.42247334,-5.765892,1.3347524,0.82937956,1.5967366,0.3000429,0.4333221,-5.352067,13.043794,
TCGA-AX-A3FX-01A-11R-A22K-07,-5.0216928,-2.1503437,-9.223204,0.4098341,-2.30883,3.5175438,2.0525596,-0.1579044,-0.74966305,5.046495,0.3961453,-1.9562733,3.258372,1.207875,-3.2769208,3.8077285,-2.0935555,5.0370727,-1.2664373,0.41356024,2.320726,-2.605011,0.28020474,-0.6565731,-2.3174071,-1.5122458,-0.8758426,0.3212518,3.8764677,2.3780568,0.47833762,-0.069452845,13.783606,
TCGA-DF-A2KS-01A-11R-A18M-07,1.6494915,2.3688083,-2.3833337,-2.8741767,3.2297463,10.474504,4.756672,-3.6080751,-1.8873636,2.642458,-1.171527,0.026883343,-0.25697845,-6.9884515,-2.8314638,4.1244287,0.52112156,2.1237395,-3.483139,-6.572057,-5.8116045,-4.791019,-0.19952753,2.6395624,-2.9477925,-5.2802477,1.2634847,-1.6846925,4.998759,0.70921135,-0.63245386,3.210407,19.872534,
TCGA-D1-A15W-01A-11R-A118-07,-1.3571347,0.063070044,-1.5081117,-0.041185804,1.5485076,1.9183547,-1.34159,-2.7394807,0.06494473,-3.313833,0.5565573,1.2429316,0.3397861,1.3543829,-0.93934643,0.75198907,0.24615161,-0.15218951,-1.0260649,-1.1249691,0.24871674,1.2344642,-0.06372436,-0.05883835,-3.2102594,-0.91515017,-0.23005511,1.0747273,-1.0374898,2.1574957,-0.3032729,0.14657336,2.8645258,0.0
TCGA-A5-A2K3-01A-11R-A32Y-07,-2.5160015,-1.0565938,-5.6109548,0.047930773,3.14619,7.9986305,1.982477,5.4356227,-5.8962574,-1.3949935,0.77688736,-0.10692082,3.3446982,-0.10857894,-0.16005121,-1.320227,-1.1309829,-2.1646338,-2.9731832,-0.38860258,2.7531407,1.2331777,-9.315319,4.650195,1.8746513,-1.9250469,-2.6715028,1.7797524,4.0963902,-3.1418886,3.501731,-1.4317309,9.663822,
TCGA-A5-A1OJ-01A-11R-A14D-07,-4.193938,-0.5409056,-5.7502112,1.0216666,-1.2470751,2.6856606,-1.803809,0.74351203,-0.862332,-1.6120902,-0.73077464,0.28848764,0.85718066,4.233054,-0.6047211,1.5961485,2.0059357,-1.4960366,1.4990834,-3.1876633,0.70091474,-0.378269,-1.1417407,0.85548437,-2.1881685,-1.5631565,3.0348465,3.452372,-0.8163524,3.2472,0.504372,2.2256432,9.767435,0.0
TCGA-D1-A1O7-01A-11R-A14D-07,-0.0032234248,-1.5923017,0.60986215,-1.6554147,-1.659016,0.5064969,-0.94235617,-2.0011349,-0.3148224,1.028193,1.7520514,1.6603923,1.9109454,-0.20607236,-3.0061905,1.3888358,1.0634234,3.1982546,-1.0031549,-0.054176666,-0.87645847,0.98484784,-0.62369275,0.7694995,-1.9816843,-2.3215287,-0.47415054,-1.4456338,-1.4367814,0.59717005,1.1107985,-1.8337218,4.432292,0.0
TCGA-B5-A11R-01A-11R-A118-07,-1.145384,-0.6116058,3.2594585,-0.48427257,-2.5853179,-0.46497858,-0.28493932,-1.3897283,-0.56496936,-0.6079423,-0.64099526,-3.748386,0.64007896,-2.21397,-5.9200683,1.6580207,2.676909,-1.2081462,-1.5035775,-0.08849794,3.9187331,1.2573907,-3.7512522,-1.2965945,-2.374258,-1.7952402,-0.76836705,3.7467883,4.1740313,0.1650093,-3.941975,0.2333816,12.42721,0.0
TCGA-BG-A0VW-01A-11R-A118-07,-3.1148877,-4.1154056,-2.7560604,1.4930013,-0.5637418,2.2301276,-1.3038609,-0.28899735,0.05215855,0.48373312,0.6598691,-0.30219147,1.8818328,2.9708402,-2.0115745,-1.3148255,0.135648,1.7235469,-0.6738504,0.23137622,0.7748193,-0.93387216,-3.58912,2.994132,-2.4785666,-1.7166915,-0.12893648,1.1048576,-2.0034854,1.4339008,1.9944612,-1.2378383,4.5763483,0.0
TCGA-AJ-A3OJ-01A-11R-A22K-07,1.6663716,-0.19450077,-1.1073552,2.2198005,-0.9403502,2.115966,1.2201915,-0.06450241,0.44901657,-2.2448425,1.7041276,-0.7917527,2.5832493,-0.0019840335,-0.9073108,0.72534984,-1.1005853,-2.04889,-3.305499,-0.8952898,1.5377909,2.435158,-2.2605107,-2.1024594,-0.49672833,-1.7669541,-2.1841888,1.4127235,0.15943623,0.3286445,-2.5084095,-3.4527953,14.06811,
TCGA-BG-A0MT-01A-11R-A104-07,0.21762754,1.3955364,-0.92932254,-1.6493564,4.7593184,-0.73044926,-1.0933672,-1.7534504,0.83344567,-0.34637913,-4.7151885,0.9855245,-0.6979254,-0.7484291,0.5586154,1.484029,-0.39664787,1.1905584,0.35360858,0.8339197,2.9187834,1.2135704,-1.1594969,-1.3616847,-1.5681634,-2.219112,-2.0611315,1.3772079,2.9427533,0.78598434,-0.32647264,0.21207628,18.69622,1.0
TCGA-B5-A3FB-01A-11R-A19W-07,-1.4206952,-2.607651,1.4844023,-1.5642543,-2.8341737,1.7703042,-1.2616006,-1.9041077,-0.8883985,-1.3871655,1.8803936,-0.0024965005,1.4435174,-1.5936394,-1.9005429,2.0796943,0.8912044,-0.5929456,-3.6232996,0.93190026,2.538297,1.8266314,-0.34316117,-0.8090996,-3.1843925,-2.3691926,-3.191575,0.3655787,4.139402,-0.64947695,-4.120781,0.29345626,13.681796,
TCGA-A5-A0G1-01A-11R-A118-07,0.0830975,-0.39616027,-1.6670986,-1.8117847,2.413667,5.2015824,1.3672897,-0.016379682,0.69369864,-3.4722714,2.4477193,1.8400387,3.897447,-1.4626788,-0.05838242,1.4084603,3.2252626,-1.6255879,-2.2435954,-2.9415832,-2.3965137,4.3487983,-1.8150604,4.2800097,1.4021775,-2.153581,-1.1948459,-0.59874946,2.6314712,0.19591735,4.877359,-2.5366778,14.83351,0.0
TCGA-EY-A4KR-01A-11R-A27V-07,2.855613,1.5833316,-0.86082476,-0.70944554,2.2253513,2.041505,1.8893359,-2.7984133,-2.0203373,-2.5858486,2.904488,1.7869481,1.052456,1.5681087,-0.43054408,3.947966,0.26483896,-1.9167713,-3.4587438,-1.1735444,4.9053087,-1.135517,-2.2736833,0.97366714,1.2836027,-0.29060757,-2.9750144,0.9803717,1.4893141,1.6265444,0.5505908,-1.212235,18.182676,
TCGA-EO-A3L0-01A-11R-A22K-07,-0.642109,-0.18158926,-0.9921104,-2.4918091,-0.6707989,1.6483243,-0.60351104,-1.0490797,0.5410412,0.057714567,-0.42596316,0.19474627,2.466164,0.46655303,-0.23782489,4.366307,2.4011788,1.5480438,-2.6089883,1.0512911,1.0967203,0.38305464,-2.28815,-3.1665459,-2.3208597,-3.630337,-1.4941351,2.3844585,1.1961627,1.2454494,-3.8302283,0.67408365,18.449364,
TCGA-BK-A56F-01A-32R-A27V-07,-2.840417,-0.15821555,-1.2620066,-1.0944564,-1.8876041,-1.0997715,1.3416048,-1.8345875,-1.2876192,-2.0190403,1.0399208,-0.18609351,0.92009264,2.3109899,-1.5178367,2.413039,0.33007497,0.87578493,-0.4818513,-0.09581937,1.6810443,0.9805168,1.5380789,-3.3502429,-2.4994197,0.56380486,0.13609786,-1.8768237,0.7474376,1.4954115,-1.2394496,0.13229378,7.311966,
TCGA-AX-A06D-01A-11R-A118-07,1.7584118,-3.081416,-1.2995777,-1.1850241,-0.700039,-0.0022363334,-3.3696623,0.085910164,-0.24548899,-0.27452722,1.457851,0.5402611,-0.92899185,1.9938644,-1.613776,4.188206,0.3807493,1.8574731,-0.3216088,-3.5929039,-1.1565163,2.7601593,-1.3901672,-0.9490623,-1.2414905,-6.029443,0.31449193,-2.2163568,-1.1798993,-1.8098102,0.85060495,2.3321996,14.942212,1.0
TCGA-EY-A1GO-01A-11R-A14D-07,-0.39325187,-3.3934112,-2.0140495,2.631684,-0.38723356,-3.3296323,-3.232203,-4.729908,-1.8060131,-2.6526628,1.1023108,-0.66055566,5.23589,-5.7564044,-2.5168078,5.5115438,3.0281758,-1.9585348,-2.8976986,0.6540777,5.215184,-3.7099588,-3.363853,-3.0230415,2.7495675,-4.2538037,-0.12598763,-0.76622486,-2.1315467,-3.055432,-1.8593339,-1.1670209,16.8281,1.0
TCGA-AP-A0LN-01A-11R-A040-07,-1.2057722,-3.9938352,0.24659556,-0.8322619,-0.38259187,-1.578435,-3.024773,2.277041,0.6231042,-2.7982974,-1.769318,1.7730564,1.924819,-0.43971944,0.9002027,-0.94213766,1.2139775,2.1073852,0.42375788,-1.5991747,2.1062164,1.193423,-2.5370705,-1.565551,1.3588189,-0.02992386,2.3198295,0.029770665,1.1609066,-0.8061567,-1.8821766,-0.18886873,6.638654,0.0
TCGA-EY-A3QX-01A-11R-A22K-07,-0.4505453,-1.9332011,0.21163923,-0.7893468,-0.159911,1.3774228,5.812779,-7.437498,-2.2850587,-0.5690732,-3.2444515,1.7299106,3.4901779,-1.4957118,-3.2285259,5.0678935,2.3210487,-1.087959,-0.6250969,-4.8092895,-0.55899954,-2.7038693,-2.1685848,-1.1689453,1.4386787,-6.252293,-7.7355375,-2.5801048,0.30463094,-2.0934439,0.13337232,0.3612063,25.085352,
TCGA-D1-A0ZV-01A-11R-A10J-07,-0.831322,-1.16226,-1.7651602,-1.349494,1.4339709,1.4566745,-0.96695197,-1.3103808,-0.34872752,-2.1495693,-0.75531614,1.3868756,0.37602082,1.8021599,-1.2721436,1.3838599,1.3253865,1.2702086,0.1505233,-0.89365387,0.9572916,3.5720835,-1.3155458,2.0850415,-1.7986101,-1.3067936,-1.4321163,-1.1633456,0.80576557,2.6370463,2.5952547,1.2806009,7.7936487,0.0
TCGA-EO-A1Y7-01A-11R-A157-07,-2.311605,-3.0761309,-3.1225371,-1.1642425,-0.37726682,2.4679856,0.3737101,-1.3254561,-0.4547277,5.0602636,-1.6853737,-2.5834732,1.8070942,-0.8749932,-2.580043,2.357568,-1.2657005,4.063324,-1.5653567,0.65333086,1.3677378,-1.1898689,-2.6220896,-1.0981201,-3.793885,-2.4022796,-0.5506866,0.7220737,4.4982643,-1.170027,-2.3767745,-0.4381287,14.931077,0.0
TCGA-FI-A3PX-01A-11R-A22K-07,4.9130664,-0.7195121,-0.25217873,-3.2953074,0.84273493,-1.7455199,4.554751,-3.979556,-0.8263239,1.0009433,-0.47473264,-1.8296902,0.1236437,-1.7147852,-2.5623007,3.400213,-3.4764566,4.002644,-3.96347,-0.21096407,1.9227943,-4.527014,-0.6661282,-1.7597574,3.2267396,-3.9419909,-3.9066806,-0.31094941,4.313544,3.3427546,-3.6740777,0.7383339,20.354258,
TCGA-DI-A1NN-01A-11R-A16F-07,2.364397,-1.4164164,3.3673732,-0.019901007,-0.6131587,1.5084667,1.7522618,-1.4083055,1.4032674,-1.3041451,-0.5141173,2.6164987,0.17390549,-0.8303934,0.6873423,1.1041366,3.4914453,-1.1299592,-4.828462,-2.1581933,3.1705365,-3.358497,-0.6985256,3.6806948,0.40143698,-2.089004,-0.48763657,-2.8907573,3.54671,1.0482329,-0.15921432,-0.37448555,15.678446,1.0
TCGA-A5-A0VO-01A-21R-A109-07,-0.580179,-0.66307575,-1.6705537,-0.73779625,0.20622486,1.1389743,-0.30199912,-0.92119545,0.8914117,0.4679613,-1.1764358,-0.02014608,1.8827837,0.46397886,0.3781866,-0.5120816,1.9626958,1.4292705,-1.3800278,0.80136824,0.11126151,-0.43123472,-0.88559973,-0.6990585,-1.3468435,-0.043806024,0.15947112,-0.8580309,-0.76753294,0.53517884,-1.3941126,-0.3695804,3.0288775,0.0
TCGA-BK-A4ZD-01A-11R-A27V-07,-4.6788282,-0.009442042,-2.045562,5.0906034,2.0844362,1.2001072,2.8595064,-0.9349941,1.2391204,3.0285914,0.4445474,-0.4107569,1.4872539,-2.4198637,-3.0195148,2.973732,-4.2591476,-1.5444217,-0.25246197,0.17283197,3.6481757,-6.194774,3.5105977,-4.2066708,-6.194484,-1.4161325,0.10444078,0.6549767,2.5397027,-0.46810755,-5.5666595,-0.8132013,20.583473,
TCGA-4E-A92E-01A-11R-A37O-07,-4.0128107,1.3159555,-1.2945213,-0.9172825,1.3604972,-0.8036721,1.9806947,-2.6435263,-0.6172384,-5.5344663,0.94509286,1.3949192,-0.40217543,-0.22098927,-0.36040896,0.22347425,-0.24322522,-0.14988801,-0.07437429,-0.85437834,2.9980843,0.76218164,-0.3825396,-3.3211052,-0.97104913,0.042042438,0.23780088,1.2181741,0.59374654,-0.11299512,0.49112383,-0.5477066,6.849209,
TCGA-BK-A13B-01A-51R-A22K-07,-1.5324572,0.054607507,-0.20130959,5.241148,-0.40020284,0.9849539,1.2957047,-1.5946689,-3.0272865,-1.7853734,-1.1732191,-0.66300327,0.81802195,-2.0430856,0.45094818,-0.8320127,0.6605976,-1.2410895,-0.020062454,-4.8354697,0.2347089,1.8660091,-4.3758035,-3.7057242,0.4336979,-3.5985513,-0.26153836,5.1808276,2.3438885,-0.05174484,-1.7608482,-3.1519113,10.573264,
TCGA-D1-A16F-01A-11R-A12I-07,-1.1449602,-1.3454067,-0.075796396,-0.51071554,-1.1921356,2.1952374,-2.5682216,-1.130822,0.86653,-4.411626,1.40424,1.0760578,2.468078,0.9166763,-1.9168464,2.3785121,2.4302583,-0.9398007,-0.49694657,-4.048379,-0.6428346,0.7302672,0.046334814,0.9308506,-1.7245018,-0.41135702,0.8586523,1.6878093,-0.46080586,2.7119591,-0.681249,1.4240851,5.4622803,0.0
TCGA-A5-A0GW-01A-11R-A16W-07,0.28361526,2.3530262,-1.5831894,-0.0036267312,0.67936856,4.6910357,0.5111924,1.6760374,-1.6969543,-2.561251,-0.5562051,-1.8233999,2.546707,-1.9711134,1.1269449,0.8126792,2.1178882,0.95849866,-2.81333,0.3657337,-1.6713722,-1.2711316,-2.852191,1.6794574,0.06877396,-0.23467155,2.174663,0.9838396,1.8821476,-0.35512725,-1.3728511,2.7040446,10.237807,0.0
TCGA-B5-A0K8-01A-11R-A14M-07,0.7331771,-1.9982506,-0.8303448,-0.17173174,1.5198239,1.9937211,1.3495337,-0.18969576,1.6876506,-1.5079814,2.9694676,4.950044,-2.999594,1.8104577,1.0526404,1.2169522,-1.6215345,0.28541625,-2.305938,-1.9740123,2.2556877,1.6188,-0.056945264,1.4885131,0.83790344,-1.9637051,1.1906071,-3.238571,-0.08999815,3.5955286,-1.34259,0.08992987,19.448296,0.0
TCGA-KP-A3VZ-01A-11R-A22K-07,4.775236,0.44427988,6.182701,3.7719405,-4.7247667,2.9954374,0.4492635,-5.755923,-1.9237545,-0.14270274,-1.5699108,-0.9965358,1.35852,6.631663,-1.0227078,6.234072,-1.5936066,2.222665,-5.403837,-3.36617,7.0105886,-2.3272562,1.4103309,0.022657964,3.2326531,-3.681813,-3.168074,-5.7451887,5.4375277,-2.1604989,-5.6608777,0.877072,16.80516,
TCGA-AJ-A3EK-01A-11R-A19W-07,-0.5469567,0.9856035,-1.652426,-1.228971,-1.7818018,3.9765518,3.7666605,-3.8937593,-2.9073205,-3.6741953,-0.34904668,-0.36548325,1.6960819,-2.8959353,-0.48794445,1.7528117,-1.8278491,-2.4323878,-4.1598034,-3.4132726,-0.85282546,-0.5270475,-1.2343843,-3.2489984,-2.0269911,0.51210093,0.48307657,1.1285897,-0.24655801,2.0645056,-1.2368317,-3.8556943,13.637224,
TCGA-FI-A2EY-01A-12R-A18M-07,-4.8987904,-14.047134,-4.751451,0.5308877,-1.4510133,3.935764,3.3243432,-0.60780525,-1.7724695,4.603257,6.5231776,3.4148343,5.5154223,6.551929,-1.5647901,-1.897522,-7.825567,5.4974093,-4.9686685,-7.505885,-0.9038811,-5.9911685,-7.3435326,2.20414,1.6898295,-3.7917883,0.45771825,-1.6388763,-0.69751734,-4.793253,-2.6330848,-0.19062714,9.966064,
TCGA-EY-A214-01A-12R-A157-07,0.16726106,0.46923003,-3.3065019,1.8223681,4.722149,3.445904,-1.0139399,-3.5652807,1.2334634,-1.5307148,-1.0873232,0.77892053,-1.1418635,1.2609191,-1.4948908,3.0915864,-1.7651445,2.5782702,-0.13522197,-5.815245,0.4607073,-0.92479855,-1.0961161,2.0518835,-3.6469517,-1.697369,0.8247105,3.8988283,2.3959239,2.3918536,-0.7958987,1.1307894,19.861921,0.0
TCGA-EY-A1GF-01A-11R-A13S-07,0.17556112,1.0877897,1.1878141,2.7056239,-1.1588285,-1.8043057,1.5614831,-2.7155123,0.27904657,-1.7477742,-1.593967,-2.3673568,0.42382643,0.60218304,-3.5149393,-1.0263155,-1.8624618,0.3458788,-2.5130403,-0.8675735,-0.31683746,1.397863,-0.42080215,-3.3673751,-3.072007,-0.42818058,1.1439435,-0.9660475,2.0406084,0.48849666,-2.1250944,-0.67740923,12.786666,0.0
TCGA-E6-A8L9-01A-21R-A37O-07,0.61905414,-3.2932272,-1.0339743,-0.67266935,-1.6683266,-0.6551196,1.0134841,3.025666,-2.1053061,-2.4863987,2.652616,0.24409503,-0.43457052,0.29900593,-4.2003565,5.181637,0.512118,-2.1236126,-0.1419685,-0.29295057,4.5510597,-2.1763692,-1.3113028,-1.186792,-0.056918558,0.16856296,-0.50032806,-0.43863693,1.0865324,-2.8216934,-1.1518567,2.9942837,23.643736,
TCGA-BG-A221-01A-21R-A157-07,0.8507727,1.224353,-0.45971352,-2.1417282,1.8889213,2.7612603,-0.069714926,-0.822097,-1.4087173,-0.7951963,1.5189533,1.161499,1.0441505,-0.6832619,0.098010466,1.6822604,-0.7196998,-1.5645167,-1.0421401,-4.257166,-0.38226944,-1.9973073,-0.75791496,1.1840117,2.4099076,-3.2771473,0.98274773,1.3799243,-0.5912999,-0.24985687,2.4228523,1.681278,13.525081,0.0
TCGA-BG-A0M4-01A-11R-A104-07,-0.39202657,-1.9957936,-0.88259345,-0.60205525,-1.3883787,2.0421617,-4.414006,-1.0206103,0.39351103,-2.6298525,0.101725556,3.7158883,2.7040555,-1.7207631,-1.4829458,0.47780254,-3.9913068,-2.8159885,-0.3561581,-4.580543,1.7458056,1.6115152,-0.26998442,-2.5602207,0.47733203,-1.6058829,2.593978,3.204567,0.10336598,-0.45755383,2.1069458,0.19600566,16.857307,0.0
TCGA-EY-A2OM-01A-11R-A18M-07,-1.5178512,0.070211105,1.3103112,-0.2274587,2.294272,3.6292942,-1.2012341,-0.92846614,-0.26726288,-5.299992,1.2046794,2.5967548,-0.56597316,-0.12744714,-1.9103068,0.8273947,0.5366549,-1.8724144,-1.7486815,1.392884,0.46666017,-0.91051817,0.24352838,1.0490558,-4.40736,-5.7728148,2.6847386,4.376124,-0.4784864,0.4432925,-4.1005535,5.377932,16.910742,
TCGA-EC-A1NJ-01A-31R-A14D-07,-1.4699914,2.2880108,-4.178713,0.60572,0.44986472,1.3376218,2.820554,-1.017546,1.2587659,-2.010307,-2.893973,-0.8231615,1.0299393,0.99972284,-0.11526666,-1.1259277,0.9312732,-0.42982855,-2.5189207,1.0204815,-0.3649286,-0.43776423,-0.7878086,-1.5046718,-2.884597,-0.67052096,-1.2073972,-0.36233416,0.9038592,1.8805048,1.068251,-0.27501997,10.541488,0.0
TCGA-B5-A3S1-01A-11R-A22K-07,-0.596881,-0.30965436,0.71542746,-0.23167515,-0.24641515,-1.6807109,2.7178328,-3.9094324,-0.38180587,-1.878751,1.9270043,2.0137284,0.6770387,0.06579274,-0.0037936538,1.4956818,1.5295264,-1.6436408,-2.6148648,-1.5414523,4.518554,-3.9736252,-2.5495331,-1.0373898,1.3687594,-1.5648688,-3.451977,-0.9752961,1.6362022,0.65665996,-1.2493235,0.5608417,17.52718,
TCGA-AX-A1C9-01A-11R-A137-07,0.018594818,-0.16838573,0.24150546,-0.6417572,-0.52961874,-1.4918063,1.0375004,-0.8760053,1.853324,-1.1723757,1.4734899,-0.30300874,-0.27167568,-0.86404645,-3.264578,0.5381695,1.9521853,-0.016769886,-1.981528,1.2021524,0.9576054,-1.2293595,-0.3354934,0.22488889,-0.6783714,-0.5825236,-0.90913844,-1.1042548,0.26257488,-0.3200171,1.6983322,0.17860173,16.599007,0.0
TCGA-D1-A1NU-01A-11R-A14D-07,1.5048095,0.4245154,3.8876326,-0.8637615,2.2214475,2.4174316,0.052800935,-0.48044464,1.2205329,1.2696135,0.6890132,2.8997183,1.7971562,-0.8076931,-1.611292,3.677465,-0.6463013,2.78963,-3.5990295,-1.7570204,2.3506906,-3.923465,-1.1270345,1.6499709,-2.4345427,-2.5832417,-1.3011367,-0.31074023,3.1051095,-0.7481544,-0.5426172,1.7690678,18.302193,0.0
TCGA-AX-A2IO-01A-11R-A180-07,0.5254186,0.92882836,-2.7119646,-1.4999617,-1.4344362,2.2369218,1.4085895,3.062534,4.888289,1.342344,-0.023846185,-0.33782458,-1.6937324,3.2532032,1.2442394,3.4491642,1.1802448,-0.24395576,-2.466472,-1.3478973,3.700259,-4.3655653,-2.707184,1.1581515,-0.4616446,-4.9613705,2.4263897,-2.41197,-1.877187,2.2418447,-2.0464656,1.7169935,17.967314,
TCGA-BS-A0TG-01A-32R-A16W-07,-0.85795856,-1.4374148,-1.579556,1.8057857,1.5285429,3.179985,-0.5379178,1.1035892,-0.7812576,-3.022872,1.6959014,-0.21589442,3.2026954,1.4440633,1.8239025,0.33672875,2.3688893,0.1599775,0.03967756,-1.2575812,-0.02542307,-1.0990025,-4.4090023,2.3499506,0.10259847,-2.7655368,2.0388668,3.3620744,-3.0812638,-0.13095921,-1.6399617,2.1519847,5.280378,1.0
TCGA-DF-A2KY-01A-21R-A213-07,-0.94678366,-0.8965839,4.3824368,0.6664422,-0.3879349,6.7819023,-2.814648,3.177802,-4.900163,-0.5502565,-2.324133,2.4725811,8.440478,-3.8898878,2.6771603,4.8304777,0.17194572,-4.709047,-2.910784,0.6234871,-1.3021778,0.1323949,-10.012555,-2.3824449,5.273648,-4.889017,1.1703676,-0.60155076,5.292362,1.8756303,0.24975987,-0.48275667,16.695219,
TCGA-B5-A11J-01A-11R-A118-07,-0.35112488,-1.2634213,1.1929604,0.6602239,0.96272033,2.8098633,-0.31601408,-2.2150085,1.6960236,-1.7395812,-1.0212872,0.528127,0.871755,-1.3023446,-0.07411352,-1.2693397,-0.6935846,-0.5255749,-1.9038187,-0.5863818,0.34363806,0.0650295,-0.825772,0.15614344,-3.6372025,-1.328708,0.4739146,1.5345865,0.31473497,1.1013585,-1.0218523,-0.8209397,5.677349,0.0
TCGA-EY-A2OO-01A-11R-A19W-07,0.37191817,-2.3545132,-4.941127,-1.8340696,-0.92650205,-1.6119187,-2.6703918,-3.0100806,-0.80711454,-5.283979,3.6646588,0.88083065,-2.486439,-2.4655433,-4.9598923,10.462639,1.9623162,-2.713467,-0.46162033,-5.8101444,0.38606015,2.6660664,0.49470037,-6.3345885,1.97609,-4.6533723,0.03819687,0.7631794,0.021258581,0.397859,-1.1160713,1.4922578,12.1918955,
TCGA-BG-A187-01A-11R-A12I-07,-5.2344337,-6.5085015,0.51322734,-1.5268996,-1.1549096,3.5160394,-2.7538462,-1.4257423,0.9449234,-3.632744,-0.639018,4.4701076,1.7549471,-1.781064,0.0084774485,-2.1060011,1.3641105,-0.11970581,1.5004764,-2.0908375,2.0313814,-3.3664632,-0.06230438,-0.014518928,-3.3460891,-0.58454186,2.8459086,0.3272761,1.2637409,-1.111868,-0.112119265,-1.8139653,4.314861,0.0
TCGA-D1-A1NY-01A-11R-A16F-07,-0.17990369,1.0261977,1.9291979,-0.5843435,0.00037159867,2.1284657,-1.4317245,0.121547356,2.134967,-2.629655,-0.0731012,1.826888,0.7835622,-2.426689,-0.16148408,2.8955066,1.6096609,-0.9113465,-1.1837416,-1.675245,-0.86522585,-0.59743893,0.95751554,0.48817992,-0.3893813,-2.5454624,0.28841186,2.5994713,-0.45372087,-1.1071426,-0.45440197,1.1574619,12.762822,0.0
TCGA-EO-A22X-01A-11R-A180-07,0.7701856,0.43910098,1.3999972,0.08960174,-4.1490345,3.5831423,1.4638386,-0.27401507,-5.0794735,-2.5534284,2.5516133,-0.2706513,1.5983187,-2.0283966,2.3500304,2.0954406,-0.4775877,-0.108150795,-3.158293,-0.963069,1.1799212,-3.5541766,-1.454587,-3.3066027,-0.7518133,0.21400648,-0.08017484,-0.18791182,-0.64227265,-3.3344727,-2.6674893,0.44648883,17.11848,
TCGA-AX-A0IZ-01A-11R-A118-07,0.658892,1.2066606,-3.370733,1.0087864,-0.9380887,2.5537856,1.816082,1.9407043,0.6243169,-2.2588284,2.8392935,-1.6791633,2.3637674,0.26021528,0.3726848,1.2551575,1.5118456,1.8304904,-1.0086775,-1.9061894,-1.7068987,0.3998233,-1.7028487,1.7637694,0.6485313,-1.5147569,0.60533863,1.8124712,-1.6106116,-1.03099,0.8875068,0.33583963,6.5115676,0.0
TCGA-BS-A0TE-01A-11R-A104-07,-0.23823895,-0.5454963,-0.4382246,-2.1127594,1.7038906,6.681703,1.9274449,-5.0950527,-0.6561217,-4.061112,-6.663058,-1.6526167,10.307501,-3.346754,-1.08405,0.66833574,2.6284573,1.4182876,-4.666487,-3.6589334,-0.7569793,-3.9792676,-7.4197993,3.8849323,5.255826,-5.719823,2.1920855,-0.0069552525,-1.880312,0.04507504,-5.3679237,-2.458305,16.488861,1.0
TCGA-EO-A2CH-01A-11R-A180-07,1.3696903,-4.076599,1.1636996,2.464802,0.73961383,0.9127142,-1.1245793,-1.3453144,3.8270876,2.6145773,0.8038453,1.861567,-1.0828218,-0.47458968,-0.9433164,0.05465964,-0.068369195,-0.7766684,-2.4003901,-1.9026129,3.7290525,-2.85493,-2.5951006,2.2430944,-2.611517,-7.280368,-0.19616428,-1.3106017,3.8343606,0.73812026,-2.2027178,0.36131695,20.923538,
TCGA-D1-A0ZR-01A-21R-A10J-07,-1.0880455,-0.81523967,1.3186685,-1.1938269,-1.7914973,-0.7475651,-2.662493,-3.00399,-0.7078589,-1.7481673,-0.62508285,-0.79331875,0.7849075,0.07676163,-6.481726,2.4480705,-0.572104,1.158771,-0.7815419,-0.81205535,2.0899355,2.9605234,-0.65421385,-1.6918331,-3.1507518,-0.5531808,2.4932005,-1.0619352,0.7360346,2.8768497,0.7211801,1.0101504,9.251747,0.0
TCGA-B5-A0JV-01A-11R-A104-07,-1.5299486,-0.44725022,1.2556478,1.4227557,-1.2098856,-0.51040787,-0.72660434,-0.011574413,0.8209799,0.7772405,-2.0885823,2.0952847,0.23261614,-3.03285,-0.84609324,0.65426487,-0.2686406,0.798451,-0.85406095,-0.03408202,0.23326622,0.15208162,0.6773841,-2.0716393,0.31520626,-1.9775035,0.7936992,-0.3876157,1.124029,-1.3109738,-1.541754,-2.6602437,14.6312895,1.0
TCGA-AX-A0IS-01A-12R-A10J-07,-0.40292242,1.0748643,-1.1185617,3.374567,0.9406359,-1.1929685,1.1143739,-0.70646966,0.034444377,-0.74907243,-1.6378176,-1.6152096,0.8012003,0.62293637,-0.23815954,-2.0516791,1.5346838,1.383267,0.27906418,-1.3495134,0.8254009,-1.1243798,-2.501237,-1.4000624,0.3899893,-2.7731225,2.1295295,2.0313933,0.3023076,-1.0766879,-2.1822884,-1.5568033,6.439965,1.0
TCGA-BS-A0V8-01A-11R-A118-07,-3.0422125,-1.4519831,-8.302701,0.6061402,-0.33992034,2.0890086,2.9979887,-0.17639928,-0.09826179,2.5165658,0.14863187,0.5417214,1.480054,3.5756717,-1.0453935,0.1364742,1.047916,1.9172752,-2.0289354,0.16309357,-0.5340925,-3.5224366,-0.77383244,0.57944775,-0.8448672,-4.1148815,-0.77969253,-0.7278082,1.3069712,1.6596111,0.61505604,1.2926738,10.480677,0.0
TCGA-AX-A3FW-01A-11R-A22K-07,-3.1589568,-5.778082,-4.604965,3.0402033,-2.3481293,2.1839104,2.9396574,-4.772748,2.8520586,4.756703,0.73684555,-2.8630717,2.3050363,-0.54865575,-3.047745,-0.53559923,-1.9181657,1.4140754,-2.1396592,1.4419228,2.8449829,-1.5038247,-0.53696454,-1.0987817,-4.484675,-5.090949,-3.88285,-2.6437392,4.130196,0.549399,-2.3977466,-6.3443775,12.376264,
TCGA-D1-A179-01A-11R-A12I-07,0.48175958,-1.8389096,3.5349624,-1.5410776,1.6635634,1.8246677,-0.39647284,-2.3419023,3.3392155,-1.9449373,1.4422686,2.7337024,1.2227653,-1.062341,0.33954847,3.643081,-0.80869824,1.1144893,-1.1534837,-3.292835,3.258758,-4.424314,-1.3402482,-0.75821745,-0.8511568,-2.929508,0.5186521,-2.0592163,2.1164465,0.23065493,-0.099867344,3.105931,13.123896,1.0
TCGA-AJ-A8CW-01A-11R-A37O-07,-3.335119,0.9750934,-2.686045,-0.84834456,-1.3575312,-0.92366004,1.1020293,-2.7451453,-2.0309968,0.7449342,-0.6241503,1.8338863,-1.1392592,-3.6455142,0.54760987,3.6549206,0.23204514,0.5961749,-1.4629592,-1.2840322,-0.28222576,-0.023266925,2.2778237,-3.5946972,0.11651623,-1.2377732,-0.09043109,-0.357031,4.082777,-1.1329772,-1.6913322,-2.9804645,17.19134,
TCGA-B5-A0JY-01A-11R-A104-07,0.8395864,0.67544365,-0.18546326,-1.4960792,-1.0775309,3.5551617,-0.49732628,-0.6108206,-2.3711514,-2.7259185,1.280293,-0.9946578,0.71246773,-1.1236368,2.5555792,1.3088394,-0.098346144,1.1898451,-3.693392,-0.15027764,-1.3668237,-1.782032,-2.042243,-1.8544153,-0.08136785,0.8011091,3.1780293,-0.23864506,0.2373415,-0.04640508,-1.5321251,2.8145266,8.3589735,0.0
TCGA-DF-A2L0-01A-11R-A180-07,-6.6286573,-10.500043,1.0198027,0.94102246,1.0137821,6.9172306,-2.8456728,3.908428,-6.3121753,2.765157,-4.709255,0.3559326,2.888069,2.7543683,4.5328245,-0.61958367,2.1446052,5.9426513,-6.71902,-0.8940058,4.351036,-1.5532625,-12.844529,-0.10774325,-4.6417856,-5.4829087,-2.5941844,4.958767,2.292866,-0.8173023,-0.83274156,0.26399574,14.094204,
TCGA-AP-A1DP-01A-11R-A137-07,2.7953224,-0.3380994,0.53654635,-1.4771698,-3.5140955,-2.3914003,-0.58334666,-3.0219042,-0.6506221,0.16545165,-0.11170455,-3.8116317,-1.4830378,5.8651705,-4.520384,4.0566716,2.1834624,3.3565588,-0.574358,-4.744051,-2.9487436,2.7900922,-3.2225554,-1.8900052,-0.5550516,-4.863242,4.820459,-2.9774268,0.15576394,0.20742694,3.1212153,-1.8177453,11.713953,1.0
TCGA-BS-A0V6-01A-11R-A118-07,-0.5161608,-0.084083535,0.038019843,0.7797311,0.10624776,0.49483773,-0.6567717,-0.5200674,0.5030831,-1.0252763,0.3434145,-1.220299,1.6031196,0.49010327,-2.7398841,-0.56939435,1.6596655,0.52960277,-1.6838164,1.2364007,1.2898707,1.8174248,-2.6663527,0.8165619,-1.8221511,-1.0684826,-2.169633,0.26962724,-0.9284508,1.4744247,-0.061378554,-2.0387833,5.317892,0.0
TCGA-EY-A1GS-01A-11R-A13S-07,-0.4056678,-3.6943102,-3.6867993,-5.6322775,5.105089,-0.2678631,2.6767478,-6.085743,-2.9116042,-1.5157831,-3.3448765,3.6147163,10.693271,1.3903047,-3.5146437,0.8950209,-5.130441,-0.8288373,-2.5020971,-6.0405006,3.5116963,-0.7597419,-5.0306196,0.42734778,4.5417686,-10.593125,4.9055953,-7.386679,1.1795604,4.009092,4.3802824,-0.7307017,17.80592,1.0
TCGA-D1-A0ZS-01A-11R-A118-07,2.3885646,-0.5166439,2.4749157,1.1186624,-1.8049296,3.9638674,0.3458194,-0.43303728,0.20163956,-4.482093,0.053905517,1.2444904,1.5188005,-3.319302,-1.331746,1.3564609,1.8839678,-2.4818923,-2.8381972,0.33875737,0.6351756,-3.145431,-1.6037239,-0.79721093,-0.38777804,-2.3277464,2.0217679,1.6488079,-2.110313,0.3712062,-3.0071707,3.0721765,10.553113,0.0
TCGA-DF-A2KV-01A-11R-A180-07,-1.35327,-2.6321583,-0.31338423,0.9442362,-1.3733181,1.1588793,-1.6968515,-0.7777327,-1.2601418,0.87939876,1.9464447,1.3056476,2.7359583,0.049025312,0.37268776,2.02966,0.8626519,1.910614,-2.4154627,0.45196524,1.205729,2.679046,-2.7715673,-0.5959151,-0.91642636,-3.4393961,-3.4972663,0.2120965,1.2837595,0.95164216,1.7737094,-2.4011593,8.489528,
TCGA-AX-A3G1-01A-11R-A22K-07,-1.8576651,3.0466402,-2.8131235,-0.9811161,1.705693,1.8889114,3.7463446,-1.8784091,-0.0016631366,-0.6134826,-2.1180906,-3.5486455,0.359037,-1.211503,-4.3198686,2.5454803,-1.1333688,3.2414553,-1.2058247,0.18120745,3.4144158,-1.4735665,-2.804832,0.7290833,-2.863539,-1.5219166,-2.7357574,3.339132,5.542238,1.5401151,0.13793887,-0.60459644,12.78466,
TCGA-FI-A2EU-01A-11R-A17B-07,1.6510106,0.6904347,5.3042316,-0.33181927,2.236219,2.4661014,0.85924524,-6.729598,3.6430502,-0.5744753,3.4784982,4.5328403,4.8012667,1.1531757,1.1020634,3.2521365,-2.0351293,4.6164465,-1.3348098,1.2843149,5.07566,-1.2247317,-3.5286343,-3.3319316,-6.137418,-5.415752,1.3229753,-0.14593567,4.1580315,2.9922853,0.35361153,4.1433043,18.939264,0.0
TCGA-PG-A916-01A-11R-A37O-07,-3.1581798,-1.5454257,-0.011906058,0.30718952,-0.05677006,0.7522758,-1.533895,-2.43998,-2.6044686,-0.8854845,-0.9743463,-2.1973839,0.79163706,1.3840562,-3.19159,2.1290634,-1.8248683,2.2872424,0.11730187,0.37406504,1.9855844,2.273873,-2.369847,-0.9127211,-4.5437236,0.3154465,0.5883649,1.2286276,1.37059,0.97403884,-3.4746344,-0.17576265,11.490131,
TCGA-DI-A1NO-01A-31R-A157-07,2.2990503,-1.7881289,5.448292,1.2069117,-1.8072966,0.8157921,2.390088,-3.3030546,2.9372075,4.987532,-1.8508716,3.6389701,2.1639307,1.745828,-0.7908092,5.6710324,-2.4186862,6.5739603,-4.109459,0.3459687,2.2146127,-3.9208326,-2.4980118,0.8880819,-0.57094055,-5.5686207,0.4375574,-6.7179475,5.043781,-4.422121,-3.3185902,3.0232873,19.782625,1.0
TCGA-EY-A210-01A-11R-A157-07,-2.420588,-2.0247505,-0.31216094,-2.3846605,0.89276963,0.3845838,-1.854369,3.564521,-4.193108,-2.7561188,-2.614403,-0.067297205,0.41820157,-2.1808553,-0.8708432,7.1552906,0.9023691,-4.084411,-1.8765206,-0.88479966,6.071161,-0.19755545,-3.4964697,0.52463305,5.6867795,-3.454872,-3.9113858,-3.738083,3.6184907,-5.5468836,1.8909457,2.3854418,22.152075,0.0
TCGA-AJ-A23O-01A-11R-A157-07,-0.7777385,2.7732587,-3.8877683,-1.3671997,-0.49582028,1.537196,1.2479095,-0.69372725,0.0784337,-1.2369103,-1.0733199,0.4802655,-2.4818673,-1.3783852,-0.3046312,2.815661,0.9245419,-0.58355606,-0.9944907,-3.0415173,-2.2485209,0.11220304,0.4861936,-0.40445146,0.47931898,-2.6565936,1.7102414,0.0025978752,0.88578874,-1.7821475,3.2334304,1.1714935,12.076442,
TCGA-EO-A22R-01A-11R-A18M-07,-1.7580243,1.6621084,1.1054419,-1.4212633,0.3544844,3.0674295,0.20975076,-4.278652,0.6990973,-5.3808074,1.5662723,0.9956997,1.4277666,-2.350457,-0.08441741,-1.7500303,-3.2277198,-1.0999355,-4.6698227,-2.623809,-0.57977134,-2.8543978,0.33908853,-3.3847897,-0.28876123,-1.0957649,3.4603016,-0.20936576,-0.836037,0.24862765,-1.2134814,-1.863475,22.031998,
TCGA-B5-A11V-01A-11R-A10J-07,-0.7381447,-1.1459744,-2.0224342,-0.234531,0.62786376,-0.21290143,0.48305446,-1.8796824,-1.4780134,-1.4615208,-1.7911996,1.1908376,1.9978191,-0.30078772,0.17585014,-0.09671155,1.2043906,3.607492,-0.731783,-1.8113362,0.4887037,-1.3720355,-0.44304255,-1.0289085,0.085060745,-1.331419,3.8291254,-1.5841129,-1.155408,-0.22161323,-3.767353,-0.3629656,11.148746,0.0
TCGA-D1-A103-01A-11R-A10J-07,-1.4016919,0.8275651,-2.223009,-2.2528324,1.7549286,3.115751,-0.0451656,-2.8717675,2.0610619,-2.720601,-2.0913067,2.5492363,-0.673798,-0.4551962,1.2766366,0.41159672,0.29256606,0.6317514,-1.3646604,-0.53386635,-0.13527901,2.8136404,0.50400656,-2.0630817,-2.5342684,-1.4479511,-1.6269766,-1.0364947,2.2965467,1.7127315,-0.05886829,0.21089877,14.474656,0.0
TCGA-BS-A0TD-01A-11R-A104-07,-0.7790047,-3.5623279,-1.3364877,-0.44040504,-0.39967757,1.3133409,-3.1594296,-2.0102985,-0.21289466,0.3601596,2.1407056,2.0564713,1.907961,1.1919823,-0.81637007,0.26671842,0.12200383,2.473463,-0.44270575,-1.012001,-0.14537023,0.74869204,-2.2347817,1.3508177,-2.0203354,-1.0940416,-0.35760182,0.6130743,-1.1393019,1.6188318,0.8131826,-0.38454625,6.0991907,0.0
TCGA-B5-A5OD-01A-11R-A31O-07,-0.90184146,-2.9575293,-1.2350812,0.7539904,-0.5994074,2.4891317,-2.1199772,1.3214536,-0.46628955,-0.7859965,0.8827393,3.704461,-1.5934826,3.1501245,-0.02575231,6.6108193,-3.0477085,-0.63137466,-4.532853,0.98866856,4.7695985,4.061519,-4.79004,-1.5487988,1.9513932,-1.4113309,-3.588643,-4.3483605,2.913892,-1.4920897,1.1298643,2.4441826,24.711084,
TCGA-AP-A05H-01A-11R-A00V-07,-2.0717037,-10.532335,2.1365726,1.7648972,0.8476153,5.761931,-5.9237213,3.6406653,-1.1344347,0.6333369,-1.5295054,1.5717641,2.1246114,-0.7893876,-1.2515554,6.66798,2.9910088,-0.34362683,0.6407067,-8.678671,2.1478581,-7.6058087,-3.0479,1.9549099,2.8509018,-0.788998,1.1336322,4.2526426,1.951216,-3.0301778,-2.5576463,6.138598,15.616131,0.0
TCGA-A5-A0R6-01A-11R-A104-07,-0.19591327,-4.479133,-0.29059646,-2.6443727,-1.5351521,2.8284328,-3.4979002,-0.8339633,-0.021220617,-0.57552564,0.35693634,4.9861107,1.4675475,-1.3174207,-0.002023808,1.9942683,1.1573193,0.67762303,-2.8230722,-1.5115919,4.8843293,-3.6588635,-0.98281693,1.0263495,0.106450066,-0.0792454,2.1325295,1.1886696,-1.5487779,3.4704752,1.3538867,-0.32605758,16.407927,0.0
TCGA-B5-A0K2-01A-12R-A104-07,-0.37907085,-2.4258811,-0.9189583,2.425396,1.146029,3.7804186,-1.1651833,1.2166743,0.64195305,-1.6280301,-1.2660425,-1.2081965,1.7411368,1.3657551,-1.5371113,-1.7319838,0.30403855,-0.3468273,-1.7659972,1.2811294,2.580123,2.0971365,-5.8668017,2.3183625,-2.366379,-1.8511845,-1.9709278,1.9492304,-1.0987946,1.1577753,-0.022803515,-2.0499604,7.1433315,0.0
TCGA-D1-A3DG-01A-11R-A19W-07,-5.9493184,-0.11118162,0.6858317,-5.749049,-1.9765296,2.8603432,0.27089018,-2.2478864,-0.4346232,-5.184238,-4.563579,2.26065,3.1934922,-8.967527,0.8789279,10.617833,1.1692481,1.5572408,-1.3911947,-0.05525834,3.8391051,-1.321077,-5.153044,-6.736474,6.834821,-6.933618,-2.6987991,-4.1060605,4.726739,0.3517238,-4.5012403,2.1158285,24.949814,
TCGA-AX-A2IN-01A-12R-A180-07,3.0289898,1.1053625,-0.011411157,0.36310002,-2.4299023,1.2415594,3.6491504,1.1016054,-5.9443502,-4.8785563,-3.1685548,0.32908836,2.75396,-2.134859,-3.3308804,7.3288484,2.2877588,-1.0084484,-0.67937547,2.7074955,-2.1655765,-0.9050822,-8.398716,-3.3695073,4.2390018,0.33304247,3.3490396,-1.1558278,0.5299482,0.45977187,0.69659805,3.7179666,14.879429,
TCGA-KP-A3W3-01A-11R-A22K-07,1.038025,2.3651738,-2.233233,0.49098644,1.9402858,-0.1713651,3.3182986,0.8626095,1.5502048,0.79612035,-0.8764422,-0.72945154,-1.4404231,1.3249166,-0.9154363,4.940677,-0.93304193,0.36073968,-0.8024147,2.0686245,3.5265343,0.03041199,-5.381923,-2.1042347,1.659058,-3.4015675,-4.7282414,-0.06466127,3.409535,1.3103054,-0.042782575,2.7791183,18.64436,
TCGA-A5-A0GP-01A-11R-A040-07,1.2746652,-2.401797,0.58622193,-0.7284604,-0.4849246,3.2602608,-1.0983604,-0.31903857,0.70936346,0.74240535,-0.70934,1.0281638,1.7035425,-2.0933294,0.334466,1.0347806,1.363868,3.2327466,-2.1093075,0.20494652,-1.677667,-0.1552096,-3.5083413,-0.27936655,-2.2632291,-1.9404061,-0.814283,0.95121825,-1.02702,0.631126,-1.6335667,0.554716,11.813459,0.0
TCGA-EO-A2CG-01A-12R-A180-07,1.2493548,-1.8227683,-0.9560973,-0.67791104,-2.3863428,0.96620077,-1.6547271,0.8787655,1.9964836,0.72371775,-4.1023073,1.8203114,-1.4042338,2.239665,1.0390202,4.578091,2.3366783,1.7745897,-3.9195573,1.1810192,4.614348,-4.468669,-2.165137,0.9455445,-0.10612034,-3.4498804,2.3711147,-2.8578243,-1.022714,4.078541,-2.018591,3.3316615,16.785486,
TCGA-AX-A05S-01A-11R-A00V-07,-1.0766578,-0.68677217,-2.0667045,1.0332116,-0.2579904,2.4439409,-1.0641743,-0.6069194,-0.22277276,-0.13397507,0.88152874,0.6206042,-0.3124188,0.2860341,-0.8920141,0.0032677602,-0.00131661,0.044059124,0.65950394,-2.1469388,0.41883895,-0.17568779,-1.224066,1.0200549,-0.26909652,-2.5704155,0.85555565,2.1558645,-1.97044,0.20092298,2.1444786,1.041773,10.543218,1.0
TCGA-EY-A1GM-01A-12R-A14D-07,4.215471,-6.980735,1.2771963,0.17273204,1.3645906,1.8310505,-4.1602297,-3.954362,0.5917525,-2.853855,0.64037544,0.84600633,-0.652165,2.4490755,-9.700706,7.8243957,-0.3156075,0.9490663,-1.8554841,-3.5689447,2.999299,-5.438818,-0.52058357,-0.01429711,1.2931615,-1.7202585,5.237587,-3.607381,3.46389,6.4860682,-3.56466,7.5369763,21.871965,0.0
TCGA-AX-A05Z-01A-11R-A00V-07,-3.2556393,-5.436855,-1.2970953,0.24246144,-0.017493254,4.767829,-1.2302818,1.1601721,-0.43204024,-2.8475304,0.3845456,1.9624586,3.6370625,-0.21729401,1.8959868,-1.12155,0.31113207,0.8786996,-0.03252463,-2.863133,0.20731857,-0.88036174,-4.8817534,4.2467465,-0.82405746,-0.49457586,1.3796432,3.4978008,-0.19019373,-2.6447256,2.037163,-2.1326277,8.352445,0.0
TCGA-AX-A1CJ-01A-11R-A137-07,-2.8564887,-4.1952004,-2.7818487,-1.9803964,1.0426284,-2.011416,-2.1032171,0.50537115,-0.24732213,1.9661328,-1.2790756,-1.1159453,1.4087545,1.8642359,-0.051978108,-0.26473707,0.93116754,2.99295,0.10981291,1.0120502,-0.111449026,-0.2731334,-1.4302695,1.322857,-1.6898338,-2.2931356,0.18792845,-1.6741784,2.3061917,-0.38660967,2.6171877,-0.45985278,11.741694,0.0
TCGA-BG-A2AE-01A-11R-A16F-07,-0.30942515,-0.9700527,0.8395399,-2.7586515,1.9968292,2.5033252,-1.8440157,-3.0341885,1.3932875,-6.6365066,0.9686268,-0.9034565,5.213093,-2.8282661,-1.379075,1.7961702,0.9010929,-3.9111104,-1.9399804,-3.317248,4.165247,-0.09840644,-0.5482119,2.224517,-1.1153833,-3.7824073,0.14290577,-0.32400408,0.3908068,-2.9427142,-1.219111,1.6917018,23.38835,
TCGA-A5-A2K7-01A-11R-A180-07,-0.086150795,0.64714605,0.4995676,0.61438286,-3.7963502,2.5516179,-0.50944525,1.0296986,-1.5217133,-0.105132274,1.7123533,2.332223,1.7803982,-2.240659,0.07500753,3.9269469,0.80803746,0.5143307,-2.15241,-0.18263814,0.7362395,0.7792302,-1.575578,-1.7969681,1.1140456,-3.4243255,-2.4825475,2.1961677,-0.007577003,-2.3471627,-1.0660676,-1.7424957,13.992524,
TCGA-D1-A2G6-01A-11R-A17B-07,-0.19218336,0.36320975,0.64425033,0.48596957,-1.3274549,3.7221544,-1.1321234,-0.19090642,1.9794103,-2.4175174,-0.15116517,1.5371293,-1.3273892,-1.8592077,0.95434135,3.8787003,0.5133106,-3.2275383,0.5364485,-5.7865467,0.20573978,-0.119145066,1.1552998,-2.233274,1.8192537,-3.6638463,1.9339666,2.4123733,0.93871087,0.42630595,-2.5316002,5.2281547,13.371216,1.0
TCGA-AX-A0J1-01A-11R-A040-07,0.25856322,1.2740446,-0.3366151,-0.2498382,-1.4229406,0.6637308,1.1719755,-0.7532098,0.038977593,1.6030763,-1.9350389,-0.9917317,0.5305139,-2.382554,-0.5711605,-0.022279587,-0.50521934,-0.6380442,-1.4328448,-1.1176858,-1.9552906,-0.27646372,-1.2606606,-2.899259,0.14231656,-1.7001537,1.3388202,0.5018016,0.783334,1.4194057,1.0500522,-0.83164024,13.656246,0.0
TCGA-A5-A0GR-01A-11R-A118-07,-2.113817,-0.8410287,-9.151652,-1.4384181,2.3496687,5.3637075,-0.40980154,2.4616175,-3.0801997,1.0934398,-3.8395512,2.9813368,0.30005854,1.8362294,-0.9152586,-1.5759583,-0.979015,-1.754263,-3.4588037,-5.1460166,1.6061735,0.218159,-2.9797482,2.9618218,1.6566037,-4.423851,-0.34582677,-1.2059373,1.9654663,1.2565181,0.20796831,0.10357193,16.077784,0.0
TCGA-5B-A90C-01A-11R-A37O-07,-0.07196524,2.2490559,-0.14806841,0.2162968,0.8375406,1.8934509,3.1695917,-3.2912767,0.6087304,-0.6856551,2.171107,0.71959054,0.6978742,-2.444644,-1.3292701,3.1904392,-2.7323754,3.1429558,-0.47206327,-0.53555703,5.775611,-5.2800207,0.90333694,-2.809047,-1.3820331,-0.93992853,-3.1502464,2.459605,-0.75364053,-2.8896906,-1.8414235,-3.0524824,19.797518,
TCGA-AP-A052-01A-11R-A00V-07,1.9009609,-1.4825865,0.969701,1.331569,2.489108,1.3598263,0.9459004,-0.10414974,1.825175,0.5267983,-0.5253924,1.5688592,1.1384376,0.5830209,-0.84284425,3.0646708,0.9278425,3.6046205,-0.9761609,-0.78254044,2.7008715,-4.1091743,-4.1460867,1.7846684,1.4877703,-1.3673698,-0.5461499,0.7612403,-0.9496014,0.36857688,0.90546596,2.7533102,17.620789,1.0
TCGA-D1-A17S-01A-11R-A12I-07,-5.7211266,-6.87088,-4.9871087,-1.1775222,-0.33431855,-1.6807498,-1.3478562,-0.87709206,-1.3010503,1.6431069,0.01763329,0.72562677,1.7034639,2.757807,-0.5814192,-0.006814652,0.3399044,5.3510327,1.6448439,0.6884336,-0.7510823,-0.046599828,-0.34239998,-0.44614568,-2.2552176,-2.3090813,0.37607592,-3.0330787,2.4814837,0.45143378,3.0356007,0.9372903,9.962397,0.0
TCGA-AJ-A3BG-01A-11R-A19W-07,-3.2000632,-3.7357843,-1.1125491,-0.22698952,-2.7713535,8.254776,-1.0871637,-6.3783803,-1.5282767,-3.2417748,-2.8352466,2.144387,6.9629283,-4.26204,2.3159797,3.5332634,-4.9462647,1.4266732,-3.1799126,-5.9712358,2.5564244,6.9598093,-4.787524,-6.6080494,-0.5562322,-6.0622053,1.4319562,4.005536,2.3631277,-2.4398167,-0.6700617,-6.7252274,15.144623,
TCGA-AX-A3FV-01A-11R-A22K-07,-0.5443227,5.8863945,-5.4214673,3.4539392,5.849651,6.3736897,3.5944858,-4.7571735,0.39947623,2.8195128,-5.762311,-0.32152495,5.1199365,-5.2763505,-12.355546,13.951621,3.6513758,-0.21988891,-5.506455,0.22583674,6.745027,-7.9152427,-14.511323,-5.6247473,4.1185565,-6.592574,5.9632416,-2.658355,10.757483,-2.9178126,-5.878262,-4.9323516,7.929686,
TCGA-EO-A1Y8-01A-11R-A157-07,-1.8278673,0.71097,-3.2928133,-0.08011864,0.97328836,0.6012166,-1.5098921,1.1945369,3.1389444,1.2203666,5.176084,5.304734,-0.74034333,-0.24549142,0.9306221,3.1940613,0.41213235,2.0136943,0.34952393,-2.0386722,1.6208125,-4.4449806,-1.6398017,-1.9672722,0.9403406,-4.2951884,0.5125586,-1.1855901,-0.016688611,-2.5469491,-2.2251856,1.3110309,15.599715,0.0
TCGA-AX-A05T-01A-11R-A00V-07,0.35899404,-0.49905995,1.0510141,0.005803543,1.2524362,-0.3994384,1.4948905,-1.7661479,2.2524545,-4.0118713,-0.012227184,-0.61516553,2.7787588,1.596195,-2.4509532,-4.02007,1.2064464,1.2067271,-1.7038649,0.24832596,4.5912313,1.2227544,-3.8839343,-1.0826486,-2.1576977,-0.90797347,-0.82740843,1.3927658,-4.18457,-0.69656795,-2.260576,-1.7505292,16.211573,0.0
TCGA-A5-A1OH-01A-21R-A22K-07,5.6606073,-0.13605557,-0.7022646,1.6500784,-4.567625,3.9032438,2.3777118,0.3305296,-2.8235157,-2.7027707,-3.9866462,1.6474004,3.6551452,5.5582385,-2.5064447,9.615156,-1.3636569,3.0992954,-2.2879345,-0.8429645,7.1545196,-6.218886,-0.73997945,-5.674519,4.9578395,-1.5919479,1.0088016,-6.4023438,2.3211305,2.3934557,-4.9577913,5.1273293,14.840245,
TCGA-BK-A0CA-01B-02R-A277-07,-3.5518112,6.0576773,-1.601613,-3.5180573,-4.4709253,-7.37298,4.109722,-2.9907413,-4.0524817,-4.8439274,5.8124356,4.4074454,2.0484042,5.302813,-6.6898913,1.3467511,-1.7518,-2.977234,-1.5419264,-2.2118204,1.1228526,0.3717695,1.9665223,-2.5280712,-15.108825,-5.4570208,-0.12270911,-7.2651386,-1.142452,0.64418244,-2.3677673,-1.4509901,10.006894,0.0
TCGA-D1-A163-01A-11R-A12I-07,-0.1554021,0.1371607,0.3357125,1.1117066,-2.1626983,3.803851,-0.38058364,-0.5057814,1.0450574,-5.469258,0.95116055,2.1420736,1.0362583,-0.64217156,-0.6401162,1.4820071,-1.9626653,-0.06072641,-2.252943,-2.5900705,-1.0149393,-0.317261,0.6057827,-0.9426977,-0.56975114,-0.76381814,3.715737,1.2335963,-2.265655,-0.42404026,0.24959925,-1.9469059,6.9624147,1.0
TCGA-EY-A212-01A-11R-A14M-07,2.1486254,-1.3609475,1.1892201,-1.8979539,2.3370035,1.5946333,0.26113233,-2.0335095,1.1418697,0.36006182,3.1985207,4.202419,-3.4434104,0.07752883,-0.84072423,0.95880115,-1.2241768,1.7990474,-2.6898775,-2.9258134,3.2635782,-4.6882544,-0.021044787,-0.14733763,0.7818577,-2.5190647,2.3671434,-2.395319,0.4167843,1.7691063,-2.4433243,-0.034361605,15.975918,1.0
TCGA-AJ-A3NE-01A-11R-A22K-07,-1.1789027,1.7093827,0.83305645,1.3682756,0.04111188,2.3278725,3.2847865,-2.5583215,-0.17679356,-5.1126394,3.7157476,-0.2621822,3.4000711,-2.3434916,0.44868395,1.5510699,2.0123706,-0.090009056,-1.3199843,-2.839575,0.9438161,1.121595,-0.6364107,-0.7116909,-0.18403202,-2.631191,-0.64161134,4.1397386,-1.3622258,-0.16918567,-3.185521,-2.1756449,7.7836123,
TCGA-BS-A0U5-01A-11R-A109-07,0.76944405,-0.79852957,1.2683113,-1.6548929,0.047598045,-1.2199073,-1.4078556,-1.2260734,-0.0527279,-1.948148,0.21233922,-0.32562667,0.0936739,1.5387717,-1.2725064,1.2597156,1.6548877,2.6964593,-0.24561179,-0.52885413,0.11339854,0.23100969,-0.40156043,-0.8726836,-2.0914526,-2.1810923,0.5909384,-0.8522735,0.21662036,-0.34237924,-2.0584016,1.315538,5.3324146,0.0
TCGA-A5-A0R7-01A-31R-A16W-07,-2.461441,0.3906618,-4.900709,1.1441747,0.1452592,2.4426467,1.2428151,1.937264,-0.44680402,1.0734543,-2.3995454,0.4104914,1.3451335,1.2611719,0.92867154,1.3129196,2.3965719,1.1360418,-0.9227738,0.40663666,-0.54927754,-4.5248685,-1.9516557,1.0065558,-1.6507536,-1.7229456,1.4859992,1.910498,0.4275906,-0.45310268,-0.44089007,2.5692177,10.675067,0.0
TCGA-BK-A26L-01C-04R-A277-07,0.7567426,5.4304814,-3.0622935,-5.6445904,-2.1317062,-7.954655,6.440664,-0.5504315,-3.5727053,-6.77228,7.9109683,8.893168,-2.5129962,7.7995048,-5.0331492,4.3344817,-2.8424797,-1.8770725,-4.5007443,-3.089349,3.514912,-3.8185573,-2.34445,-6.225851,-10.077868,-4.852822,2.8512864,-8.519097,-1.8097837,-0.85630053,-3.4816775,3.2966754,11.804314,0.0
TCGA-AJ-A3OK-01A-12R-A22K-07,-5.2544317,-2.6067128,-4.606764,2.994641,-0.6486664,2.97203,0.46063817,0.23233762,-2.0273542,-2.5539377,-3.028507,-3.4880223,2.6195111,6.6064935,-3.6172242,0.8549124,0.40252307,-0.27807367,0.3470557,-0.53240293,3.5612643,2.2492611,-4.487344,-0.87220436,-2.1658342,1.4039257,0.82572293,0.9479553,-0.6547535,5.0530562,0.18726613,1.2790253,7.1783147,
TCGA-D1-A16X-01A-11R-A12I-07,-4.7414904,-4.987889,-0.0744892,-2.887459,0.3429128,4.584344,-2.666927,-1.5576042,-1.3636808,-5.99039,-1.5172389,4.628615,0.9676208,-1.8067803,-1.3927363,-0.26520324,0.6604165,0.06673267,1.2948984,-3.3423204,2.3526232,-1.2339239,-1.2844319,3.3171957,-3.1231887,-0.24945591,2.1125295,1.029175,1.6742755,-0.10026282,3.209702,-0.77111274,4.363877,0.0
TCGA-AW-A1PO-01A-12R-A157-07,-0.48628467,4.0609183,-0.9889356,-0.5352095,1.8419613,6.7369924,2.1672652,-4.7145586,3.4507651,-4.2625647,-3.420863,6.6619015,-4.023074,-2.0317612,-4.8796773,5.073117,-1.1025327,5.8565392,-4.9913583,-2.4897022,-3.633753,-3.3211405,2.78359,-5.8943706,0.73519415,-7.766082,1.4339948,1.7370933,9.939685,-5.644035,-2.106312,5.5811276,21.285778,0.0
TCGA-EO-A3B1-01A-12R-A19W-07,-0.7194929,0.63214165,0.18465269,-1.177303,-0.6560263,3.8768666,2.0828302,0.48455322,0.75030684,-5.134351,2.4011903,4.6630273,-0.6020835,0.3716558,0.24561967,3.772073,-0.4139213,-0.5561666,-4.1855006,0.24583752,5.074148,0.3538339,-2.829901,-3.6419482,1.8152583,0.16103825,-2.121676,0.822234,2.6183333,3.0330057,1.7230134,-0.5035386,21.066017,
TCGA-BG-A0M6-01A-31R-A104-07,-1.5832393,-6.0543547,2.3025668,-0.044000648,1.5422916,2.4737437,-2.68582,-5.6235433,2.1612916,-6.9071975,0.41398457,1.7861145,1.9678435,-1.1075491,-2.7355995,3.0630558,-2.7433395,-0.11093435,-3.1987,-2.1895847,8.195289,-6.6795096,0.31944466,-2.2725887,-3.0494852,-3.6068246,5.2746625,1.3527069,-2.325832,0.42402947,-1.129928,3.0129914,16.553923,0.0
TCGA-BG-A0M7-01A-11R-A040-07,-1.3131118,-3.6424382,0.20867716,-0.6553601,0.59618664,2.432434,-2.6622536,-0.9837393,-0.0048364927,-2.0271468,-1.4186491,2.7934716,0.8242266,-0.8055024,0.14917897,0.2932795,-0.38089648,1.421749,-0.48492622,-1.7575324,-1.0999877,0.18389907,-0.68417794,1.203287,-2.344184,-0.7164983,0.9226276,0.5774186,0.8910159,0.97953993,0.9065956,-0.87904286,6.5594196,0.0
TCGA-SJ-A6ZI-01A-12R-A34R-07,-1.7977262,1.0434573,-2.5224738,-0.77184486,0.37796652,2.2539122,0.44281688,-2.643064,-0.52159625,-4.753058,2.4716613,0.697316,1.3439355,-1.0083909,-1.9148058,2.6204326,0.9151313,-1.1123855,-2.3734708,-0.41887864,0.29747486,1.9490341,-0.18368027,-0.6654085,-2.2978463,-1.0815982,-1.9212646,2.6113923,1.4547014,1.4770253,0.26162198,-2.2161486,11.152624,
TCGA-EY-A2OQ-01A-11R-A19W-07,-3.9135044,-4.2615147,5.5446253,0.7865961,-2.174747,3.3392127,0.5114055,-0.85398746,0.72178173,-5.453758,3.299213,1.9812084,1.8824004,0.539755,-2.2296417,2.6699474,-0.98541176,-1.9566684,-3.8894062,2.5330381,8.870762,-0.98232096,-0.89201856,-1.3398142,-1.8198388,-0.5875665,0.5701343,2.2108998,0.9996124,-4.3398576,-3.4737813,-0.9259911,17.786528,
TCGA-AP-A0LE-01A-11R-A104-07,-2.0788422,-5.160981,-3.4767783,3.126604,-5.4810095,2.032592,0.81546634,2.1895456,-0.50894886,0.9663845,0.6260002,1.3151788,2.6889791,-1.7540458,0.2976747,2.3791444,-1.8076113,6.1843104,0.30259287,-2.4826925,-4.1915402,-1.7765813,-3.073862,-2.342646,1.6463873,-2.5268886,1.9905567,-1.2480417,-2.0210323,-2.4932554,3.9189909,-2.119974,9.10055,0.0
TCGA-BG-A0MU-01A-11R-A104-07,-2.8012183,-1.7392478,-2.613506,2.917427,1.8853465,0.37246394,1.924184,-0.43397662,0.08417548,-1.9844717,-3.091555,1.0407195,1.221809,-1.2252862,1.5159369,-2.8202245,-1.5428163,3.480279,1.5024033,-4.159045,0.83637804,0.99006647,-4.31338,-0.3921144,0.18825524,-2.164199,1.7544712,2.0374925,0.4895297,-0.09196753,1.1112875,-0.9149007,8.503524,0.0
TCGA-D1-A16G-01A-31R-A12I-07,-3.093482,-4.0274744,0.25973162,-0.64281017,1.5671995,3.8788486,0.81287426,-6.013186,3.941572,-2.5057514,-3.5111272,6.1604156,6.9489374,-2.6410687,0.66292685,0.70844007,3.9064205,-0.39272496,-2.6717584,-8.972885,2.2227414,0.756551,-1.8361168,2.2256467,-0.21380809,-7.3741093,-0.6204107,-0.9732397,-1.8037856,3.2785735,-0.72446376,-6.415522,15.427108,1.0
TCGA-D1-A2G0-01A-11R-A32Y-07,-0.37391207,-4.8787837,0.31665373,-1.5984282,-3.1592026,5.528577,-0.7497531,-3.6927524,-2.5808792,2.3947153,0.84705323,0.41709468,9.959605,-5.671539,1.1131332,-0.31554577,-2.1423318,0.15520658,-9.183712,0.54775095,2.2425244,-2.19836,-4.2477355,-1.7995765,2.3122551,-4.226727,-0.67207026,-6.381505,4.880928,1.4596684,-2.5742214,-5.276579,15.13863,0.0
TCGA-PG-A7D5-01A-11R-A34R-07,1.9960283,-3.2541173,3.5158832,-0.21857896,-3.1963646,0.12219534,-1.1622561,-0.49352142,-0.10584252,-1.887092,0.06780607,-0.82161903,0.7276802,1.9760445,-3.5512753,3.7526853,0.16573225,1.3375121,-4.4605556,0.54794204,7.2386723,-0.8805088,-2.0820882,-1.040981,2.8367548,-0.98629934,0.23986328,-2.52334,2.7315748,1.7187111,-3.051682,0.5676853,19.210466,
TCGA-AJ-A3NH-01A-11R-A22K-07,0.7683463,-2.7492826,1.1880063,-0.69093484,0.78611135,-1.2368007,0.5662526,-0.700675,0.43302557,-2.9979076,-0.4462514,-1.5743012,-2.5433905,2.0655272,-3.3837945,5.9052105,-2.7037168,1.4887735,-1.6812899,0.13463105,5.1836452,-2.2185583,-1.1735901,-4.4810653,0.96597314,-3.9914627,-1.451858,-0.034245525,2.3786275,-1.7584313,-3.995926,4.7021556,24.266851,
TCGA-QS-A744-01A-11R-A34R-07,-1.3521646,0.77830476,0.20389779,-0.7052732,-1.3750308,-0.03759177,-0.65284127,0.18150178,-0.8998043,-3.2131956,5.4094076,1.0236996,1.7836446,-1.9449627,-1.3343568,4.8425283,0.7186654,-0.111616395,0.23427857,-0.97896975,1.9107805,-2.567273,2.2610874,-5.5735283,-2.015564,-3.7746463,0.8919392,1.8415588,-0.02863654,-1.8721871,-4.772071,1.3246361,12.979905,
TCGA-D1-A1NX-01A-11R-A16F-07,2.5441024,-2.7024984,0.78240365,-1.6242859,-3.104793,0.6009173,1.0298134,0.2920641,3.2174625,-0.5495018,2.2775102,1.6936522,2.3819835,2.3050241,-2.2828681,3.03089,1.1749796,4.571926,-1.8907088,-0.7772646,4.446169,0.0836151,-0.92148316,1.7987907,-0.8495277,-3.5119677,0.18605754,-3.9858143,-0.27811986,0.7084152,0.39353898,1.0425701,17.11572,1.0
TCGA-B5-A11O-01A-11R-A118-07,0.64997405,-0.4286676,-0.7856002,0.2582098,-0.9623944,1.4463662,-1.8715762,0.26212302,-0.2932969,-2.8237283,-0.23327251,1.2326033,0.7663239,0.06149808,-2.3436391,1.2654686,1.7817005,-1.3413371,-2.2044644,0.31913266,0.30470493,0.03341663,-1.6537547,0.34134364,-1.2329993,-0.5649863,-0.059001267,0.77408785,-2.1182508,2.7823615,0.2105327,-0.37687272,6.1823344,0.0
TCGA-AP-A0LS-01A-11R-A14D-07,0.69380844,-2.1813397,-0.3986063,0.5477499,0.5448797,3.7024486,-0.17087732,-1.9908568,0.70309955,0.486842,0.26674956,-0.5262569,0.7925507,-1.359422,1.690275,-1.0505853,-0.82291156,1.7599648,-2.7714117,2.2590594,-1.7970979,-1.1968975,-2.1077836,-0.2808876,-4.2175264,-2.0584872,0.48352578,1.011586,-0.012443075,-0.7974569,-1.9924469,-0.2856584,8.659581,0.0
TCGA-AP-A0LH-01A-11R-A16W-07,4.1053247,-1.3917731,1.6966842,1.5959517,-0.9103362,-0.29598075,-2.5936666,-3.288423,5.852857,-1.182547,-2.2266572,-1.029581,6.4432454,-0.34217027,2.907607,1.7743312,5.177745,-1.23547,-5.1046352,-8.559035,1.6356356,-0.8279201,-3.424517,1.5937965,-1.3786825,-6.2159586,-0.25206286,-1.7081853,2.9035094,4.709389,-3.9569504,-10.511533,10.140292,1.0
TCGA-B5-A0JN-01A-11R-A104-07,-1.0325348,-2.8102121,-0.19210869,0.105715126,-0.7083236,0.94681734,0.4667594,-3.7620354,0.7240676,0.6848865,2.2050862,2.7129822,0.82818574,-1.000532,1.609643,-1.1686845,-0.9631619,2.0860493,-4.7177496,-1.2296696,6.0756655,-4.077766,-2.2619014,-3.373479,1.0357693,-1.3600934,-2.584322,0.06312934,-0.2398361,2.9509435,-1.2454984,-2.228498,18.088934,0.0
TCGA-AJ-A3BH-01A-11R-A19W-07,-0.5983906,-1.3628807,-0.90244883,-0.28623095,-0.34779292,5.3039236,2.5751247,-5.394019,-0.4616516,-5.482978,7.1888075,1.5288686,5.1488457,1.0626225,-0.25110346,2.6832545,-2.8974493,-4.4861846,-2.6525252,-2.6937387,0.57260525,-0.2044568,-1.775882,-1.3141888,1.6858275,-0.57923806,1.8265237,0.30786598,-3.0246015,1.9469333,-0.83324,-0.027612828,14.154497,
TCGA-D1-A161-01A-11R-A118-07,-2.5118985,-1.4382397,-2.036374,-0.8349588,-1.1078322,-0.004064841,-1.5476372,-1.526894,1.0699669,0.03978806,-0.12507637,0.9364452,0.6486479,-0.31241718,-0.4588828,0.6528235,0.4714392,2.0762963,-0.72496253,0.58930284,-0.41075352,0.84868866,0.8340497,-2.5607142,-1.8581109,-0.5088101,-0.20912492,-2.075359,0.05665969,1.2280706,1.2608135,-0.26330706,9.735212,0.0
TCGA-B5-A11L-01B-21R-A13S-07,-0.38994932,-0.6910839,-1.5137018,0.014441929,0.91289514,5.263239,-1.6782483,0.09272681,0.7158079,-3.4025981,2.463742,-1.3880119,2.174937,2.5354784,0.7071929,-0.466701,1.6329721,-1.323393,-1.1886636,-3.4522557,-1.7582794,-0.49162126,-2.1211526,3.896048,-2.9047415,-1.3867584,0.6748098,3.984262,-0.5202597,1.68796,-1.9148358,0.34918296,8.271019,0.0
TCGA-AP-A05N-01A-11R-A00V-07,1.1972013,1.4686054,-1.7228918,1.7383684,-0.43801302,0.8570316,1.770063,-0.9437106,-0.37473544,-0.9019996,0.0664137,-0.48127654,1.0507461,-0.21714838,-0.16755207,-0.13986103,0.6921434,2.630148,-0.25858402,-0.57063794,-1.2990932,-0.82993853,-0.8904472,-1.2912698,1.4165255,-2.5885158,1.7718897,-0.4526803,-2.504329,-0.3873892,-2.0555217,-0.13134362,10.568089,0.0
TCGA-BK-A6W3-01A-12R-A34R-07,-2.2810345,1.7710242,-1.2297188,-1.7376981,1.2439951,2.8583777,0.48874855,-2.8433597,-0.983557,-4.6692424,1.0007128,0.486653,1.0426033,-0.5592492,-0.02432791,2.8257098,0.9350694,0.6980073,-1.299716,-0.6139362,0.6772874,2.109028,0.20491791,-1.0867276,-3.2212589,-0.36633232,-2.3813121,2.5000312,1.3625411,0.19873582,-1.6546032,-0.64218384,12.30648,
TCGA-B5-A11U-01A-11R-A118-07,-0.36161652,1.6651618,-1.5438219,1.4453113,-1.2576185,2.1949384,0.79608494,1.6283545,-0.7212971,-4.2856126,-0.31168732,0.62424,1.1244256,0.16274469,0.5383234,0.90818495,2.1610162,-1.914986,-1.9855007,0.2392221,0.6007011,-3.7694724,-0.83413464,-2.4242866,-0.48756096,-0.8208183,3.1134071,1.6997173,-1.604472,0.88094044,-1.6228513,3.0717854,10.699372,0.0
TCGA-EY-A5W2-01A-11R-A31O-07,-0.5918237,-2.8487492,-1.0529301,4.229652,-3.6958058,3.2445242,0.36556268,1.18333,-2.4751365,1.07541,-1.5009198,-0.49000838,3.1410756,-1.7724468,1.302889,2.6340718,-0.9640638,1.7629526,-2.9812577,-3.008573,-0.12980607,1.7642123,-4.414352,-3.8529813,-0.17190592,-3.0858476,-0.7787164,0.4524664,0.7193802,0.45814106,1.5669641,-4.9890494,13.358086,
TCGA-AX-A1CF-01A-11R-A137-07,1.4972075,1.9442556,2.2547183,-3.340163,2.8468547,5.54776,-0.83769196,-3.3266587,-0.09608741,-3.7067618,-4.069245,4.02081,1.2209872,-2.7344244,-3.3748388,9.158141,-1.8431365,4.728166,-2.1448681,-5.7650433,-0.45864147,0.6033553,-2.2432384,-1.138143,1.4192529,-2.4651465,2.3690946,-0.20783584,3.0792117,1.8424653,-0.42259315,2.6102364,17.969261,1.0
TCGA-D1-A15X-01A-11R-A118-07,-1.5195285,-1.4502609,-1.7652577,-1.7094625,4.01782,8.234929,-0.21890593,-4.316077,2.1442013,-3.148144,5.660588,1.2615347,8.948998,-2.9592748,0.3104811,-1.457023,0.2311633,-0.77971727,-3.960234,-3.1489356,-2.6719832,1.0435001,-2.4895003,4.4639673,-0.68863606,-2.8890119,-0.2434945,2.5927577,-1.4536589,-1.3555228,2.081074,-1.1222798,14.289272,0.0
TCGA-A5-A0VQ-01A-11R-A104-07,-2.0564187,-0.62988865,-3.4242785,1.7262979,-1.4409554,0.227065,0.39898524,-0.6838371,-0.85718656,-1.7297713,1.0285819,2.4674585,1.5640081,-0.076025575,0.4350849,0.4181445,-0.58725154,2.8233907,1.0780114,-2.6485472,-2.6984859,1.1397221,0.5876647,-0.59025955,1.3142463,-3.039753,2.5215173,-0.010696232,-0.80607367,-0.8894197,-0.28292874,-0.8229804,9.244623,0.0
TCGA-AJ-A3EL-01A-11R-A213-07,1.3464904,1.9543095,-0.6640502,-3.9807992,-0.7706775,2.2988513,1.5241836,-0.06737531,-2.9824443,-1.497387,1.4278274,-0.95747787,0.33606333,0.2986281,0.8670691,3.1938317,3.5529869,1.3141661,-2.6602485,3.1400967,0.83684486,-0.74277323,-2.4262874,-2.1239815,1.7121965,-0.36136058,-3.6864212,0.62900513,1.8691545,-2.7890203,-2.187516,-1.2887292,18.094868,
TCGA-A5-A3LO-01A-11R-A22K-07,1.0529019,3.1031246,-0.88980633,1.4182856,2.411628,2.7745702,2.1512408,-4.129526,-1.0279695,-2.7029667,-0.5800898,-0.7903366,2.1409683,-3.2827199,-1.390536,7.669979,3.107893,2.9396083,-1.251383,-3.4487932,-0.39078036,-2.4146454,-2.1614876,-1.7456023,-5.0483756,-3.0777419,-3.1727092,5.5812287,0.8602601,-0.045101367,-5.0799885,0.67797,15.486655,
TCGA-B5-A0K7-01A-11R-A104-07,-0.44847363,0.13814905,-2.5204904,-0.12880191,2.6258836,-2.1726494,0.6134995,-1.216008,-0.99547946,-0.8257514,-1.6409062,0.72192824,-1.2242348,0.6201311,1.1770715,-0.02602092,1.4468535,1.1389571,0.42355987,-0.7622037,0.43976954,1.4565754,-1.387908,-1.3557512,1.7627451,-0.9423846,0.23535064,-1.7813307,0.81650203,-1.365254,2.3571389,0.68711895,11.983502,1.0
TCGA-FI-A2F9-01A-11R-A17B-07,1.5956775,-2.3873303,2.5508933,-0.1518717,-2.8960066,1.0434103,-1.5799203,-0.024651773,0.3649686,-5.152026,0.29779702,3.794029,0.10121863,1.8756205,-1.8199757,3.070685,-0.9224178,0.5805674,-2.9872432,-0.32082978,4.3521414,-6.957134,1.5004343,-1.2438637,-0.59502596,-2.2553165,5.1246567,-3.722996,3.5629003,2.5791473,-1.7038599,7.6355515,13.38573,0.0
TCGA-BS-A0U7-01A-21R-A104-07,-1.163287,1.580537,-2.7629967,-0.15234649,-0.72974193,4.5233617,-0.017649949,-1.4828314,0.357018,-1.1661466,-1.8399146,0.19715847,-0.22014832,-0.3760406,0.39578706,0.83571064,-0.15621617,-1.6572915,-0.86091256,-4.7740564,-0.91099936,-0.3284178,-0.11419073,-1.5492902,-0.9802309,-0.793714,3.1143847,2.8844824,-0.27473482,3.051553,0.8318826,-0.52340055,8.225899,0.0
TCGA-BK-A0CC-01A-21R-A277-07,-0.22211777,1.2623041,-1.4643527,-2.4512243,1.9348843,-1.6208302,2.6361053,-3.9297278,-3.2788467,-4.1787043,4.6879354,4.1764536,1.4127522,5.985139,-8.0585375,1.282512,-4.108311,-3.102783,-5.17103,-4.781408,5.7170663,-7.4319606,-1.2208607,0.05739131,-4.4074283,-2.728177,5.911902,0.05802519,-1.8281147,-1.0318195,-3.8298233,1.0817586,22.44811,0.0
TCGA-A5-A0G5-01A-11R-A040-07,-0.69439185,-1.6963826,-3.773842,-3.1559107,2.6310732,7.985862,1.1746911,3.9897716,0.08340116,-4.756273,2.7359037,2.874187,-1.6481516,-0.7368558,0.48725837,2.312364,-7.158799,-2.1794462,-2.1083686,-2.8913782,1.0569453,0.066311926,-4.139663,3.8216467,-2.6141794,-0.10089151,0.5892283,2.6748757,4.702913,-1.4270538,4.369862,1.5750123,18.366745,0.0
TCGA-AJ-A6NU-01A-11R-A34R-07,-3.690821,0.5138573,-0.89051527,-1.3224111,2.142505,0.07703594,3.186964,-6.250552,1.3758422,-6.9802685,-1.6796756,1.6496624,2.0080569,1.4398087,-3.443797,2.3152096,1.0284854,-2.9998708,-2.593993,-6.409437,3.786841,-0.43371245,-0.7377236,-1.47754,1.8962965,-1.1636555,-1.9816946,0.17872293,2.1701298,3.438432,0.93452,-1.7143699,15.211793,
TCGA-FI-A2D4-01A-12R-A17B-07,-0.9748364,-2.1178882,1.0726389,2.197917,-1.7256666,2.4003828,0.10049073,0.48531276,-0.72317356,1.534067,-3.1207063,-0.015695844,4.351933,-2.47216,1.9578332,-1.3135182,1.7153237,1.4182109,-2.333329,0.38948262,1.6261458,-5.06216,-3.547178,-0.5579585,-0.52504003,-2.1108744,2.2480168,0.5720508,0.004844063,-2.9551077,-3.9145637,-1.6232928,12.777618,1.0
TCGA-QS-A5YR-01A-31R-A31O-07,-1.1717149,-2.5160604,-0.5264024,0.35405743,-2.0326285,1.5424856,-2.0857162,2.105974,-3.125107,-0.4091063,0.41006964,0.09826373,2.035075,0.6838555,-1.7787745,2.3940592,1.3929801,0.97521245,-2.6456149,0.6190828,1.1369514,2.6100833,-4.341612,-0.502384,-0.33437467,-0.6144856,-2.2630944,0.60109323,0.3071209,1.8840668,1.0954201,-1.3139582,7.112702,
TCGA-BG-A18C-01A-11R-A12I-07,0.45885274,2.8853538,-1.2479637,-0.34359944,3.2529879,0.24935754,0.39413813,-1.3448194,0.74651706,-1.0301049,-0.81405807,2.7290044,2.504038,0.058053825,-2.1649451,5.4695106,2.8459532,4.580769,0.6275503,-2.1816006,-1.3662812,-2.809784,-2.724361,0.48495817,-2.390507,-3.486288,-0.037974667,1.4447708,1.9388993,-0.6632289,-1.8829305,2.5667174,22.103836,0.0
TCGA-BG-A0LW-01A-11R-A16W-07,-0.7340843,-0.9743014,0.10481914,0.07571175,2.3801403,-1.820291,-0.65769345,-0.27817538,0.18062598,-4.924089,-0.77412647,-0.3320818,2.1513023,0.08129355,0.860215,-1.7244476,0.6217143,2.9555395,0.5271854,-1.9780662,2.698873,1.567521,-3.0600216,-2.888876,1.0969633,-0.6881955,2.1243124,0.38506863,-0.3067784,-0.66978914,-2.6326568,0.43766168,5.678035,0.0
TCGA-AJ-A3QS-01A-11R-A22K-07,0.2564796,0.7845672,-1.1256175,-3.636327,-0.3607681,1.0848099,1.9597616,-2.7199154,0.24559037,-2.7875085,1.8382802,1.7091731,1.8048513,-0.0012052809,0.17428796,0.7141793,0.9132866,-0.7712026,-5.9536047,-1.4539218,6.0591807,-0.8449861,-0.6278651,-1.8766111,1.4786448,-0.52045274,-1.7031952,-1.0305334,2.708451,5.199977,-0.92197865,-4.039419,17.383327,
TCGA-AJ-A8CT-01A-11R-A37O-07,-4.631741,-2.187731,-3.5309165,-3.0348434,-0.93051726,0.17057815,-0.3335665,0.81909955,-4.1947427,-3.7224464,-0.5936348,-2.163895,2.4278736,4.5057297,-6.568436,4.111329,0.2807525,0.85015374,-0.15319408,-1.2744299,1.9178286,6.384631,-2.8789425,0.7890026,-2.1805954,1.9897985,0.4509762,-1.3751506,2.2958627,4.213944,3.3999233,2.4110823,8.470368,
TCGA-BG-A0VX-01A-11R-A118-07,-0.8803611,0.019507758,-0.50756323,0.0035849577,1.1881573,0.7585912,0.17373821,0.5381994,-0.5294495,-3.0280433,1.1405377,0.5134932,2.413771,-0.2674966,0.34475604,-1.0105215,2.160396,0.6758477,0.28409797,0.11716963,1.3480445,0.20809853,-1.8408253,-0.15432544,-0.33836475,0.061316602,0.6077497,0.91454494,-0.60014766,-0.27471465,-1.0840564,0.95530355,5.3243628,0.0
TCGA-AX-A2HK-01A-11R-A17B-07,5.404695,0.80481094,0.75569993,-0.8391218,-0.3764573,-1.091385,1.2831951,-4.0463696,1.1660328,-0.98502755,-0.548647,-0.49877045,3.6330621,3.1297605,-1.1813254,0.8324162,-0.933731,4.2358766,-3.8036854,1.563372,3.9855218,-7.7928357,-0.5917593,-0.99400383,0.35598445,-3.3592803,0.89310026,-4.09557,3.0625842,5.1210093,0.60370374,4.100818,22.19607,
TCGA-A5-A0GA-01A-11R-A040-07,1.6818329,-0.34631953,0.70194554,0.46236262,-1.5781356,1.7451168,-1.2027634,-1.323052,0.7690136,0.14489622,1.3685187,0.19003034,1.5054238,-4.0627933,0.7323697,1.3891846,0.6873051,-1.744525,-2.5386002,-5.074765,-1.7554522,-2.538658,0.773375,-0.8317008,-0.23118676,-2.5283043,-0.6583747,2.7824776,1.1194717,0.40177712,0.95171607,-0.11644817,11.033325,1.0
TCGA-AX-A2HC-01A-11R-A17B-07,-1.3337518,3.2576387,1.4975818,4.458675,-6.711375,2.9377897,1.3902433,-3.8243713,-0.09563844,-4.4266143,1.3717315,2.659618,6.7855678,-5.9309683,2.2311077,-1.8495858,1.3089738,-0.9072931,-4.0612683,0.14107734,1.5357751,-8.9890375,2.4169314,-4.6673894,-2.987689,-3.3900554,3.3589303,-1.5719482,4.5372653,-3.957856,-1.5490179,8.285029,16.26585,1.0
TCGA-QS-A8F1-01A-21R-A37O-07,-5.1047716,-9.104894,1.7641653,-0.053540934,1.9302014,4.4532104,-2.688351,6.3777676,-5.289287,-0.37806806,0.07500399,4.4056907,-0.2630651,11.03287,7.104299,10.822919,-2.8460736,2.7517517,-6.926056,-1.8268487,5.592519,-0.67723596,-11.892451,-0.16680521,0.261661,-7.7398314,-0.1465979,-2.325252,-2.1157653,1.2972307,0.011492189,4.7173324,12.863809,
TCGA-D1-A17K-01A-11R-A12I-07,-0.8682533,-2.0062587,0.9180864,-2.5912168,2.9067729,3.7814672,0.23926607,-0.9463148,2.7411637,2.3342934,-6.1089573,3.0708442,0.6269902,-5.245267,1.091135,1.6712583,-0.568199,4.621404,0.5157812,-5.281183,3.79446,-4.39496,-2.2948747,0.68208534,-2.6798515,-4.175214,-1.9895707,1.3956473,1.9286758,0.36398038,-1.4276308,-2.3498237,16.081484,1.0
TCGA-BS-A0TC-01A-11R-A104-07,-2.5435448,-4.332641,-0.5231152,1.7274717,0.21926261,2.7462003,-4.7638626,-2.2381325,-0.16490972,-1.9155945,-0.67378753,0.98109627,1.7397993,-0.3032432,-1.8258792,-0.76238936,-1.0996025,1.6738702,-0.5470564,-0.5903937,0.78498507,2.6309104,-4.6637053,0.50229186,-3.6667523,-1.7106347,0.30102804,1.9566795,-1.0943129,0.21230663,0.03906787,-1.4827702,9.061196,0.0
TCGA-EO-A3AU-01A-21R-A19W-07,-0.93471444,1.384183,-0.36625132,2.4178822,-1.0623472,3.0189419,3.8634562,-2.2754958,-0.9696458,-5.480817,2.8208992,-0.44223386,2.2905643,-1.9214168,-0.77753896,2.4126797,1.1418681,-0.6555146,-1.5005338,-2.4910438,-0.045941252,0.8848055,-0.5961617,-0.7525439,-1.1012931,-2.4371402,0.58925986,4.597749,-2.3685703,-0.21210514,-3.045644,-1.9720953,7.7843018,
TCGA-5S-A9Q8-01A-11R-A40A-07,-3.4711866,-3.8900287,-3.2747412,1.256914,-2.0201259,-4.1648865,2.8135016,-0.7307176,-4.2649355,-0.9747956,3.3222702,0.4261913,2.7275286,0.83640385,0.37254027,1.5138335,0.04745983,5.3403826,1.4627243,-4.52633,-1.3893278,1.105795,-2.9143612,-4.52112,3.352039,-1.3047966,4.2801695,-0.017533815,1.9507574,-2.2227345,-2.569753,-1.1494612,12.752835,
TCGA-AX-A05W-01A-21R-A466-07,-4.3957424,-7.075363,-4.2002177,2.8024757,0.97534764,2.3003442,-0.025857981,-1.8595353,-1.1003195,1.1303045,0.9495534,-1.4209915,4.911842,3.7318146,-1.5844022,-3.0230107,0.30786413,2.303247,0.23686683,-0.70677257,2.270077,-1.9660653,-6.430108,3.501848,-1.9872477,-2.9033163,-2.6652737,4.5481915,-0.77705586,-1.4517667,0.20536233,-2.1844873,9.343212,0.0
TCGA-AJ-A3IA-01A-11R-A213-07,-2.1051579,2.6323013,-2.6161206,-0.15057413,2.6315267,4.9742355,1.6258829,-3.3825653,-0.9814607,-1.998731,0.2660849,3.2102177,-2.5559304,-0.2915814,-0.023761071,6.2694936,-3.4555712,-0.31887794,-2.4896977,-3.0024557,5.227833,-5.8055716,-2.7936864,-4.294596,2.0953224,2.411656,0.45265716,2.2989018,2.4342005,0.7648731,1.6584692,1.9196382,19.21527,
TCGA-DF-A2KU-01A-11R-A180-07,0.55671316,-2.9032125,1.6036385,-6.2072916,-0.8632761,5.6621184,-1.0046564,2.689674,-8.160477,0.56067604,-2.937076,-0.92087567,0.19047633,-1.7348865,4.9123287,5.4227843,-1.9121925,3.2032986,-6.0004725,1.9072945,-1.8369586,4.2945843,-8.83862,-3.087251,-0.7241634,-2.9180467,-0.4704252,-2.6905482,4.760082,-2.52966,2.4145217,-0.7456622,15.728711,
TCGA-D1-A169-01A-11R-A12I-07,-5.803167,-6.3019285,-1.1035591,0.27907377,-0.16950345,9.018047,-3.49354,-1.6509827,-2.2059524,-3.3976405,-3.9845264,4.297885,-0.59970564,-0.6727932,-0.8849989,1.8751113,0.2797168,2.7362127,2.694322,-6.458151,1.3458647,-2.910384,-4.1995735,3.0887742,-5.632519,0.2335983,4.2651467,3.998525,2.3965726,0.22439013,1.1894047,1.0941533,13.647548,1.0
TCGA-AX-A3FT-01A-11R-A22K-07,0.85100585,-0.50519115,-4.7933207,0.52798665,-2.0990977,1.3238086,3.302601,-1.4355626,-2.8319266,-0.014877705,6.0634365,0.77367866,5.286055,1.052227,-1.7682251,3.0164192,0.35093716,-2.8440678,-1.9069796,-1.0705132,-2.2854617,1.0026158,-1.4728177,1.403566,2.1784573,-0.8741537,0.7609612,-2.8882701,2.3029516,0.09233061,0.7585585,-1.1229943,12.524977,
TCGA-BG-A0M0-01A-11R-A104-07,-1.2270132,-2.79334,-2.6178625,-0.26768604,0.002630875,-0.03854799,-2.2128,-0.44827834,1.2411456,3.7651875,-4.0291514,1.6651499,2.1437516,-2.3766074,-1.2496015,1.9660528,1.0034609,2.1841486,1.1180743,3.3569198,0.25223356,-0.45141923,-1.4422072,-0.8544301,-0.66259027,-4.3131943,3.7088027,-1.0716004,0.80711013,-0.07514315,-2.1482902,-1.2319994,15.276737,0.0
TCGA-D1-A101-01A-12R-A10J-07,-0.62330556,0.4544641,-2.6307652,-0.5734407,-1.3258214,3.2549577,1.0654126,1.211618,0.978295,-1.4938807,-0.13367534,0.38888824,0.8591947,2.1856499,0.6803266,0.794557,2.439694,-0.020239826,-1.4501629,-0.34056252,-0.6814979,-0.47409424,-0.7491645,0.9309784,-0.95731187,-0.57977605,1.0884633,0.5200282,-0.58859956,1.8896514,1.2857176,0.47387558,6.0320034,0.0
TCGA-AP-A0LO-01A-11R-A040-07,-1.5518526,-2.6592944,-0.4320717,1.3526466,-1.3467721,1.288484,-0.66463435,0.8834121,1.2611616,4.1764383,-3.0338457,-1.2860085,1.0229987,-1.9270952,0.35409185,-1.0089515,1.0930231,-1.1722686,-0.77045935,-0.41328514,0.3369859,-3.4241037,-1.4838046,0.19594339,-0.9128935,-1.9014974,0.5470197,0.07413228,3.395558,0.86825794,-3.5974681,-1.4485029,15.343335,1.0
TCGA-B5-A11Q-01A-11R-A118-07,-2.9445562,-5.2089005,-6.4734163,4.124839,-1.7575897,0.17775913,0.8356417,-3.4149501,0.15599021,5.66096,-1.4869885,0.3769925,0.5026644,1.516165,-3.9283888,-0.033821166,-0.65462226,0.8122498,0.7765705,-3.109209,-3.0974169,-2.5853586,-1.930825,-4.6370707,-1.8528732,-9.871151,3.144276,-2.110452,0.27250868,-1.028277,4.8763676,0.34487855,14.018237,0.0
TCGA-AP-A0LJ-01A-11R-A040-07,-1.578585,-4.474512,0.20013843,-1.2687366,-1.0705186,-0.30491897,-4.4613533,2.4817643,0.08973404,-2.079717,-1.0453776,0.5597644,3.0228057,1.4334505,-1.2659075,-0.03469122,2.5662546,1.5938883,0.88176566,-1.8492079,0.5511078,1.3645973,-3.900486,1.2521154,-0.22047865,0.4912355,1.7509446,0.9434203,0.7985644,0.056594532,-0.9183738,-0.308404,5.342334,0.0
TCGA-AX-A06J-01A-11R-A00V-07,-5.5804415,-8.559472,0.48184592,-4.3178005,-3.8114228,4.6246324,-6.970533,-4.0705357,-2.071114,-2.8268704,0.5371824,1.0261307,3.1438909,-0.8478515,-3.3727415,1.5748391,-1.4034982,2.2564692,1.0429722,-5.0618906,-0.922875,1.8285024,-2.119126,0.18814994,-5.142587,-1.8586084,5.205299,4.8816743,3.7459562,-0.6559106,-0.22944298,1.5221043,11.414199,0.0
TCGA-D1-A17Q-01A-11R-A12I-07,-4.5370493,-5.4024067,-0.38162875,-1.1319814,-0.29223198,4.8697047,-4.847116,-2.986795,0.41096884,-3.2156963,-0.69355357,6.1250505,0.47260338,-2.6025574,0.38314784,2.4074755,-2.1406732,0.87359697,0.7722511,-1.3147991,-0.028251082,-3.3014917,1.4150409,-2.4329424,-4.554622,-0.57783985,4.9552736,-0.41801432,0.7655745,1.7926878,1.3171223,-0.961945,13.016401,0.0
TCGA-AP-A1DQ-01A-11R-A137-07,2.3208978,0.49334252,-0.19792956,0.4976138,-0.16747935,-0.1505878,-0.3160113,-1.0088631,2.2009804,-2.6440024,-0.53916466,0.29804438,-2.8532,2.141051,-0.9964903,2.2864532,1.3210102,-0.4867867,-3.6017058,1.1320307,3.6809952,-0.71961,-1.156753,-0.04341187,1.7187574,-2.9123313,-0.25192055,-2.5347643,1.3360311,2.823218,-1.613484,1.0236717,8.198391,1.0
TCGA-B5-A5OC-01A-21R-A27V-07,-0.87684,3.7764816,-4.3420253,0.73814243,-1.2276466,0.16208783,4.711806,-1.5640202,-1.990287,-3.566454,0.35977978,-2.2769518,0.51198786,-0.013779599,-1.123329,2.2116463,0.1941691,-2.4238856,-0.9102497,-4.7533803,0.73178524,0.90218115,-0.6539061,-1.3762952,-0.562509,-1.6241708,-0.033070624,2.3891492,0.030336471,1.4226775,1.4331543,-1.724687,9.733862,
TCGA-AP-A0LL-01A-12R-A104-07,-7.5198007,-6.622364,-6.6858134,2.6677246,-1.4253881,-1.7032148,3.0753672,0.42536932,-2.3795528,0.14936617,-0.4089859,2.7989528,1.5755975,3.1181142,0.622156,-1.32394,-0.91345465,5.9198756,3.1048276,-3.2082026,-1.7786938,-1.6089023,-5.199396,-2.1419015,0.8035467,-3.677817,4.432343,0.9201869,0.8524073,-1.4602766,4.595921,2.9461527,9.976648,1.0
TCGA-AP-A05A-01A-11R-A00V-07,-2.487124,-6.147216,-2.8075106,2.1040616,0.50637907,4.2177362,-0.8660299,3.0024166,2.9086697,3.5752673,3.383433,1.9350758,0.23252188,-1.0525061,-0.8294602,2.8451028,-1.056526,2.8994536,1.0047976,-1.762653,3.1215484,-6.632863,-5.420477,1.9656754,-1.5331159,-4.24991,0.955486,0.045401424,-5.050568,-3.0306654,-2.5404782,2.5989404,16.065174,0.0
TCGA-E6-A2P8-01A-11R-A19W-07,-0.7223157,1.8237,0.96906805,-1.134654,-2.9466727,5.456954,3.3678672,-2.0399356,-3.0742645,-4.131772,2.32819,0.033946034,1.45219,-1.9692686,0.2655765,4.32356,0.24678399,-4.4383664,-3.6417582,-1.5398246,-1.927965,-1.4460622,-2.466306,-0.53983384,1.9174962,-2.0953891,2.0281203,-1.5904528,3.1766982,3.0268712,-1.3481642,0.35906574,15.161059,
TCGA-EO-A3AV-01A-12R-A19W-07,-2.7891905,0.7796097,-2.2884934,-1.334952,2.5172737,6.1619487,0.060384005,-2.5072224,-3.3309476,-3.0693235,1.8620957,1.7440758,8.075026,-1.3517803,0.09275806,3.277592,2.9174504,-1.4624281,-1.8604746,-2.5633152,-0.07162752,0.84808266,-5.815593,1.4157786,1.8480779,-1.8426646,-4.141016,5.8041773,0.072250396,0.26227215,1.4364495,-3.4217455,15.0401745,
TCGA-AX-A2H5-01A-11R-A17B-07,3.2861652,0.9857614,2.835396,1.0115564,-1.0506235,7.3653016,-0.21868153,-4.6719046,6.978451,-4.1372385,7.1460433,5.408437,5.5970025,4.500358,-2.6467896,7.412308,0.06577234,5.749939,-4.041733,-6.2882257,2.3101182,4.7340326,-2.8931146,5.1541896,0.8110661,-8.458489,4.050229,-6.9554267,2.9070945,1.1367248,-7.9281025,2.0564811,16.34687,
TCGA-BG-A0M9-01A-21R-A104-07,-1.1544405,-3.7844067,-0.33900204,-0.3697415,-0.083157,1.3564517,-3.9632673,-1.0982178,-0.50214034,1.5553664,-0.76896167,-0.004273693,1.8743527,1.0676972,-1.7400129,0.93058723,1.2661986,3.304082,-0.83623093,-0.8238102,-0.30077222,0.5709194,-2.0372002,0.20633972,-3.1443436,-1.3487023,0.9703608,0.8535206,0.801415,2.1528957,-1.4018162,1.7679607,7.703211,0.0
TCGA-AJ-A3BK-01A-11R-A19W-07,-2.060403,-2.9510255,-0.5261439,0.18237472,-0.7905412,2.128333,-0.7887794,-0.20749436,-2.2348673,0.32619163,-0.66868603,1.3315886,2.256401,-1.6116594,1.0081092,1.150975,1.8159691,2.5825038,-0.40089282,1.6380701,2.769584,0.6526131,-4.0439506,0.021772236,-0.055949457,-0.7545144,-2.51828,1.1748345,2.2178931,-1.5412021,0.17070217,-1.9127992,13.407161,
TCGA-KP-A3W0-01A-21R-A22K-07,-1.6053112,1.0275598,0.35386404,-0.24431425,2.4540515,1.6873602,3.543477,2.5459077,1.1098624,-1.6853331,5.2598157,2.3495762,-0.7487469,2.4960177,1.0482848,5.6246734,-0.30408865,-1.4070994,-0.06239895,-2.9504647,3.445037,-0.88580406,-1.4508014,-2.503397,-0.009414418,-1.7034389,-0.44752154,-0.78408134,4.2520237,1.455691,-4.378267,1.0373555,18.021313,
TCGA-B5-A11H-01A-11R-A118-07,-0.18466325,0.6095758,-1.7153794,-1.6859349,1.0926841,3.566652,0.52606505,-1.8119771,-0.36055866,-1.8551607,-3.0405283,0.41126037,-0.26560798,-0.48770067,0.07568612,-0.5195318,-0.9820518,1.2240598,-3.1741698,-1.2577795,-0.64163005,0.626311,-1.3007535,-0.13290368,-1.7672807,0.267598,-0.5352309,-0.042223148,0.7524358,0.33758545,0.44178018,-0.3731723,16.904879,0.0
TCGA-QF-A5YS-01A-11R-A31O-07,-2.3095582,-2.2113206,-0.40999794,-0.9552535,-1.476132,-2.0195088,-0.32079723,0.20691335,-1.2687187,-1.7054117,2.2318552,2.1121137,2.0951092,0.512086,0.55902714,4.03702,2.092421,2.8778193,-0.8402039,-0.35265902,0.9645191,4.0316453,-1.291456,-2.1153932,0.7691895,-2.6823056,-2.5606256,-1.4497386,2.3250668,-1.5431006,-0.46602875,-1.4912816,10.875193,
TCGA-D1-A17B-01A-22R-A12I-07,-6.373455,-3.090556,-0.9171985,-1.7053232,0.5871596,5.7267966,-3.3808177,-1.8699628,-2.1135883,-8.69388,-3.2711368,4.3024645,-0.48409823,-0.7410857,-3.0136826,0.42139766,0.51157415,-2.005099,1.4741445,-3.0633767,1.8034676,-1.5678642,-1.474882,4.0756497,-4.5066094,-0.18400356,2.833687,2.468474,1.7036897,0.3598467,2.459154,-0.64425725,7.432015,0.0
TCGA-AJ-A2QK-01A-11R-A18M-07,0.55784684,2.2821581,-1.1560477,-2.481686,1.2317556,-0.3116333,-0.4919033,0.094423234,-0.2937045,-2.2938724,-3.3006966,-0.63590527,-2.5625634,3.25267,0.38728258,5.1910343,0.46979377,0.36237523,-1.3809775,-2.3174756,-0.62105554,-2.3940763,-0.4771499,1.7083191,-2.0602076,-1.5257348,3.730343,-1.6080811,6.621635,1.033841,-0.38631228,-1.0396378,10.570776,
TCGA-D1-A177-01A-21R-A12I-07,-1.1664859,-2.216084,-0.23747988,0.0033024484,-3.107276,3.4407494,-0.5274298,-4.036736,1.4262671,-1.6158156,-1.3643205,2.2165313,3.4005394,-7.642073,-0.898459,2.451645,-4.2823505,5.007017,-3.921261,-5.6808095,-1.3094853,-2.7707725,0.274796,-5.5636077,-0.76627004,-3.2605906,5.789569,-2.1940868,-0.6876049,0.18926187,1.3161256,-5.924834,13.285415,1.0
TCGA-B5-A3FC-01A-11R-A22K-07,-2.2764452,2.732926,-3.097776,-1.9454248,-1.0963649,5.072558,3.2272508,2.280059,-4.136956,-0.94142175,-2.7276459,0.698008,1.5220685,3.4296455,2.6250105,3.0260828,-0.8148893,1.8864433,-1.8603114,2.8610902,0.8310872,1.5552617,-1.4327049,-2.8311028,0.02182138,-1.1839646,-1.9075806,-2.72761,5.2157116,-1.6356944,-3.607439,-3.390354,19.25638,
TCGA-BS-A0UT-01A-11R-A104-07,-1.078744,-2.4978302,-4.999536,3.3745239,1.2632097,-2.2334409,0.08747391,-0.33108765,-0.42526525,-0.75722265,4.640006,0.7187787,2.4244132,0.3162418,0.39880168,3.5685368,0.96059614,3.3781004,3.505511,-3.3088543,-1.1615523,-1.1892246,-2.7628477,-2.4896605,2.108277,-2.785825,2.9370668,1.164773,-1.7679732,-0.16322708,-1.3550761,4.00201,16.257702,0.0
TCGA-B5-A3FD-01A-11R-A19W-07,-2.0335386,-1.7807549,-1.7355067,-1.7540743,-3.4887505,0.4068081,-0.42453074,0.33950117,0.30918738,2.496886,-2.54414,0.79600286,0.4627122,-1.060969,-0.49954417,4.9809537,2.0808637,4.5467896,-1.8137568,2.7786849,3.7291794,-1.140701,-3.4244707,-2.0159533,0.3850304,-1.3726703,-0.362364,-0.4414193,3.232165,1.6139793,-2.5029151,-2.239922,13.846126,
TCGA-D1-A175-01A-11R-A12I-07,-0.84204805,1.0580413,1.2650235,0.18378189,-1.9024737,2.4548187,-0.09531736,-2.2084453,1.5749975,-2.299585,-0.86305827,1.4473627,0.08754368,-1.5566294,0.5337974,0.99746674,-2.9936197,0.95397973,-2.478674,-0.26922143,-0.2547317,0.10044285,1.2476224,-3.9249105,-2.4118063,-0.90327454,3.5235796,-1.9448519,1.5643517,1.3870839,-0.82825154,-0.24966186,7.1821556,0.0
TCGA-EO-A3KX-01A-11R-A22K-07,0.17910014,0.3876843,-1.0537343,-0.32217756,-3.3349314,-1.569002,2.687706,-0.82487565,-1.2833071,0.1210416,2.8254316,-0.9061814,0.28875464,-1.9822383,-1.5338717,4.095645,-1.7231863,1.0811031,-1.076503,2.6130786,-2.7157338,1.0118154,0.81383115,-3.7698557,-1.4126848,-4.622423,0.07818764,-2.3699799,1.768159,-0.6488678,-2.9356716,-0.84079194,15.422863,
TCGA-AP-A059-01A-21R-A118-07,1.8010548,1.3494649,-0.17959693,-3.246466,0.4479414,4.0626054,1.4149696,-0.4745799,0.31594804,-3.936443,0.14971088,0.7263052,3.1372702,-2.4613888,-1.4132681,0.0067572705,2.2350736,-1.9578879,-4.11005,-0.1447857,1.0640782,2.1484997,-1.5405885,1.4172812,1.5681288,0.27378485,-1.411408,-0.8294726,0.9369201,1.1914747,3.2376297,-2.0938177,13.16993,0.0
TCGA-AJ-A8CV-01A-11R-A37O-07,-1.4832592,-1.1117649,0.025092378,-1.1588973,-1.7184131,0.39988708,-0.66745394,-0.6571409,-1.4595637,-0.9578363,1.0153836,-0.2683229,1.9753857,-0.21320449,-2.1849527,1.8892858,0.9890117,0.64670545,-1.3452889,-0.2770602,0.84099376,2.2580287,-1.4613961,-0.92952645,-1.5946374,-0.169619,-2.0427012,0.6206028,0.90745896,1.0219618,-0.15388174,-1.5395077,4.800647,
TCGA-FI-A2D2-01A-11R-A17B-07,0.14826845,-1.4447824,1.2138922,0.7647686,3.5382285,2.3233929,-0.07438823,-2.4532595,3.0195408,-3.8650353,2.3697946,1.9766046,-0.71095324,1.5003929,0.50153166,1.1114808,-0.528677,-1.143547,-0.7409377,-2.2808144,3.6949828,-2.165362,-1.5566219,0.14807194,-3.4683208,-3.1273596,1.1851617,1.5314419,0.15465364,1.4330738,-1.5334188,2.1023276,9.260096,0.0
TCGA-EY-A1G7-01A-11R-A13S-07,5.14547,-3.38621,2.130291,-0.555756,1.3168831,-0.29665723,-1.5026336,-4.700328,4.8371506,-5.118114,5.1215205,-2.7077832,-0.85963875,-2.3272493,-3.807132,0.7867703,2.119594,-3.9725828,-3.2887168,-5.2415404,1.1931598,-1.5310898,-2.5300653,-3.1607165,-1.3595073,-3.2485895,-0.39071587,-3.5121636,-1.6504129,-2.21964,-2.3975222,-0.21011396,14.022971,1.0
TCGA-AX-A1CR-01A-12R-A137-07,0.32387403,-5.5623603,-2.7507222,3.5359704,2.4050493,0.16424905,2.0129426,-1.8704555,3.2620702,1.583098,1.1827337,1.5758679,1.7471025,5.504181,-0.79691654,-0.90619075,0.2768002,2.2539856,-2.7887692,-1.8178954,2.5195067,-4.0426717,-3.6189432,5.5870914,-0.6796639,-4.645518,0.47217104,-1.204921,2.445199,1.5868971,-0.173585,1.9247309,18.68547,0.0
TCGA-EY-A1G8-01A-11R-A13S-07,0.42727688,-0.78422314,1.9924583,-0.36490825,-2.663168,-2.6966395,-1.6765021,0.7142358,0.6575098,-1.8536855,-2.9733043,0.97091943,1.6784065,-2.661605,0.86098933,4.182995,1.7669088,4.070164,-2.8483238,-1.6542835,-1.885271,-1.2051936,-2.078548,-2.2383366,-0.050141983,-6.031391,-0.024794716,1.0249372,1.312979,-2.852778,-2.6913326,-0.25452462,15.94915,0.0
TCGA-D1-A3JP-01A-31R-A22K-07,-1.3167722,0.35196522,-4.622956,0.0750694,2.7059407,1.605014,1.9390546,-5.7718816,-0.11477098,-6.693578,-3.9022915,-0.33580306,5.4622602,3.8876173,-0.2270464,5.5608997,1.832474,-3.5055714,-2.3215985,-6.267688,4.933106,1.6331369,-4.5799446,-0.25853723,4.364905,-2.0416913,-2.4448457,-0.70366174,-1.4294649,1.7492476,-1.2126045,-1.0941199,19.747204,
TCGA-D1-A0ZO-01A-11R-A118-07,-1.333973,0.30244958,-0.850638,-0.8782214,-0.87146014,2.5645719,-0.3649682,-1.3617085,0.33877924,-2.8019361,-2.1395655,0.27194372,0.5346527,1.6639473,-2.4861667,1.6013339,0.23117277,0.122209184,-0.70953333,-1.3004531,0.14476895,2.4551456,-0.7100454,-1.0526724,-1.8102255,1.2809007,1.6148924,-0.7050281,-0.70280695,3.4918938,0.6499796,0.68628716,8.692921,0.0
TCGA-D1-A2G5-01A-11R-A17B-07,-1.367704,0.62147534,0.83333564,-3.2811599,-2.1035385,-0.551053,-2.1842237,-3.2918239,1.0001659,-0.098862514,-0.35426423,-0.26389492,-1.403144,-1.8173369,-5.4107475,2.7273955,0.8970006,0.9131193,0.39804697,-1.1049049,1.630948,0.073167354,1.606251,-3.0550237,-2.3745522,-3.324366,4.1235275,-0.1789039,3.1281002,0.07275541,-1.5388057,1.970422,13.969734,1.0
TCGA-AP-A051-01A-21R-A00V-07,-1.1818135,1.9264958,1.0509862,1.1002563,-1.2843131,1.265273,1.0630068,-3.2951183,0.0030319998,-2.1888256,-1.4414691,-1.3782027,-1.4247864,-2.7530913,-0.81482613,-0.8426698,-1.3720944,-2.5574036,-3.3258688,-2.5955026,-0.6831656,-1.6647129,-0.8455599,-3.1074152,-0.7478151,-1.613686,2.5181687,0.017107632,1.7101302,1.3181676,0.23468289,-1.6963348,17.249805,0.0
TCGA-AX-A2H8-01A-11R-A17B-07,2.8732722,0.41401216,1.9164617,-1.2586062,3.5824242,0.23658502,1.1402141,-0.82109594,2.1000335,-2.2443867,1.9724636,1.5570852,-6.179074,1.116395,-1.9365952,2.8332772,1.4634504,1.2399356,-1.9286691,-3.803296,1.6432027,-3.555228,-1.1046075,0.9971017,-1.8823053,-4.2963758,1.5451094,-0.6758686,1.3444399,1.3348389,-1.4216173,1.2139344,21.550892,0.0
TCGA-FI-A2D5-01A-11R-A17B-07,-0.11752362,0.22888088,2.7969074,-2.4714344,-1.1681142,6.9284725,-0.24392845,-1.7785194,0.7552076,-4.306239,-1.627816,2.1904466,-1.4669527,-2.192625,1.7202854,-0.06677195,-2.1658394,-0.49227178,-3.646825,0.15764946,-1.7363104,-0.62085074,-2.294729,-2.73687,-1.0406809,-2.7957988,5.220863,0.4549955,2.1044183,2.514017,-2.238773,5.3736234,18.427834,1.0
TCGA-B5-A3F9-01A-21R-A22K-07,-1.6864069,0.046170842,-1.1828452,-0.34499228,-0.0979424,-0.86904883,0.12556908,0.041419942,-0.70451623,-1.0441201,-0.5985287,-0.23374988,1.3248132,0.6106688,-0.21949609,0.97041965,2.2896707,0.4783864,-0.5086274,2.8325222,3.5112276,0.40520316,-1.6589463,-2.3092113,-0.66590005,-0.6791891,-1.655261,-0.42548928,0.9776147,1.0082107,-2.7449033,-1.3671703,5.2548213,
TCGA-BK-A139-01C-08R-A277-07,1.0803026,13.145264,-5.442628,-3.0597796,-0.7965666,-4.9977603,7.0870237,-5.561455,-2.985017,-2.715531,3.1523583,3.641003,0.6117839,11.6797285,-4.1518116,0.5592313,-0.09450848,-1.5173783,-0.42464352,-6.886351,-0.80420345,-1.5138985,-5.5423493,-3.1112788,-16.33687,-11.676725,-3.0060248,-2.5918822,2.4353433,-2.5994542,-4.4101415,0.89094263,13.016344,0.0
TCGA-E6-A2P9-01A-11R-A19W-07,-2.0246623,-0.5930591,-0.73919606,2.1094751,-3.0546043,0.2646542,0.9355961,-2.9479027,-1.4230179,-0.61033,0.24414863,-2.059399,-1.9822328,-2.9888349,-3.7196963,2.1987112,-2.5756884,-1.9060441,-1.5378418,-0.5393672,0.26084396,1.2640356,-0.18679024,-4.8481474,-3.1194122,-1.6024972,0.6461346,-0.22964585,2.7949107,0.07416754,0.87254375,-1.4521989,13.100081,
TCGA-EO-A3AY-01A-12R-A19W-07,-1.3927902,-5.7431564,0.82735753,0.39809218,-0.10316355,6.843465,-4.156814,1.4923627,-4.397878,1.6583012,2.284833,2.5390306,4.9487395,-2.0475695,3.151273,0.6110443,2.968947,2.7356153,-3.1719491,0.2984997,2.9893453,-0.25456822,-8.406627,0.51493263,-0.6753762,-2.7345068,-3.752464,5.1629834,0.0025640256,-2.6670341,1.3219111,-0.86399376,10.188035,
TCGA-B5-A11Z-01A-11R-A10J-07,-1.1531022,-0.23901711,-1.2487266,1.5130589,-0.53532815,-1.9009777,0.043304842,-2.954573,0.50456315,-2.875382,-2.0977228,0.65065485,-0.70359117,0.2859628,-1.3203773,-0.60166943,0.56198263,1.6494446,0.8467883,-4.481579,0.90200347,0.974463,-0.072068274,-3.889985,1.5556943,-1.3794233,4.406572,-0.382115,0.67845285,0.24208926,-1.1611112,0.40139547,8.303947,0.0
TCGA-BG-A0W2-01A-11R-A109-07,-0.5785847,-0.4107995,-0.36387908,-0.83345306,0.20509328,-1.9339011,-1.4761878,1.1049675,0.3130524,-1.9219818,-0.48211867,-0.4332857,1.3401803,1.5891403,0.9756278,-0.7825201,2.7059834,1.0156652,0.15767647,1.4256594,2.0085785,0.060541537,-1.187423,-1.8537661,-0.37253588,-0.07978213,0.5738623,-1.4600735,1.5457103,-0.98657155,-2.2418642,0.27677548,5.6325874,0.0
TCGA-DI-A1BY-01A-21R-A137-07,-3.5162935,-2.116724,-5.9507494,-0.26708648,-0.72686994,-0.05778784,0.31620905,1.0228958,-1.6325567,-0.8278453,1.6720406,-1.0549773,1.3219943,2.9465873,-0.08239628,0.13454302,1.7041028,3.719418,-1.0031917,1.3459346,-1.8711209,-1.0130951,-0.55268264,-0.15137736,-0.21072169,-0.7135764,0.8871963,-2.018078,-0.91624296,-0.48863253,2.0589354,2.258566,13.405242,
TCGA-AX-A2HA-01A-12R-A18M-07,-3.972011,-0.15086773,-2.801582,-0.07288392,0.60572946,1.3742994,0.40059784,-2.4389498,-3.402901,2.273081,-0.086937375,-1.5432838,-1.5360867,3.5121245,-1.1188153,1.0593213,2.5121481,-1.267437,0.5788759,0.49572298,0.5368348,-5.076551,-2.4137454,3.4945118,-2.3754857,-7.079771,5.0587974,2.547456,-0.6363546,-5.20386,-1.496385,-2.5027602,11.783735,
TCGA-AX-A063-01A-11R-A00V-07,-1.4456415,1.0984211,-2.8452773,0.098616295,-0.5500366,1.1960334,1.1075479,-0.49028617,-0.29651275,-0.9588217,-1.3182812,0.6344192,-0.787708,-0.7670202,-1.2289686,0.58734506,-0.49150446,0.22257599,0.05811768,-1.6426848,-1.4347091,1.1910387,-0.21442477,-0.13212334,0.4479184,-1.5207078,1.5292703,-1.0417446,0.68683285,0.32545438,3.0926242,-0.6978985,7.4842787,0.0
TCGA-D1-A16O-01A-11R-A12I-07,-1.8023261,-3.3924174,-2.425524,2.7067838,0.31257987,0.4252666,-2.8342285,-2.2920578,-0.40950358,-0.89449584,-1.6921684,-0.0999671,1.3129723,1.8316727,-0.6200221,0.48208606,-1.8224179,0.51146543,-1.3289825,-1.7264264,0.3971032,0.13439547,-0.3557237,-2.6563418,-3.0413642,-0.6368233,2.9413893,-1.9460346,-1.7805628,2.9363203,-1.571683,-0.4790412,9.432577,0.0
TCGA-D1-A17A-01A-11R-A12I-07,-0.11340276,-0.6274418,-0.84224105,-0.0027368017,-1.5579101,2.608256,-3.8246088,-0.24271712,0.013816217,1.0923599,-0.14394422,1.361196,1.5980344,0.34787565,-0.710131,1.1400346,0.75439644,-2.1708572,0.64948535,-4.2550454,-0.9375161,1.9167004,-0.9749241,0.4114882,0.9665719,-2.4150572,2.903961,3.154542,0.9089559,3.011585,-0.21045457,-0.1599812,14.288388,0.0
TCGA-D1-A1O0-01A-11R-A17B-07,-2.1207848,1.2394574,-3.3304412,-4.8791738,-0.70317733,-0.11146361,1.6087241,1.2102401,3.4125125,2.4402661,-2.619805,4.408445,-0.3188846,-4.0974827,-2.514791,4.1399975,-2.7381673,7.0910525,0.4339112,-0.40341315,0.18766804,-1.9549571,0.020682804,-3.0137305,0.5971956,-3.1903682,0.8092325,-1.7879529,2.1170228,0.962989,2.495396,2.0005705,19.75857,0.0
TCGA-AP-A05J-01A-11R-A00V-07,-2.518385,-11.243704,1.9738092,-0.044625077,0.5994961,5.804097,-4.3939886,2.736801,3.6996229,1.0212969,-0.211125,2.605953,2.337847,-2.2402682,1.3918008,4.063073,-2.4091048,4.5725527,-0.25673658,0.2551805,3.6911464,-5.985833,-2.8883777,2.8872802,-2.5354745,-1.877327,1.6642349,-0.4354474,-1.2940129,-2.6662283,0.67681587,1.4957391,15.2175,0.0
TCGA-AJ-A3NF-01A-11R-A22K-07,0.94373536,2.1471379,-1.9999841,-0.37463143,-1.6922239,3.9099576,2.970701,-0.10095176,2.496756,-5.1626234,0.72388655,1.323684,-1.1505331,1.6962813,-0.33659324,4.1120267,2.8854704,-2.3916986,-4.1324797,-1.0716484,5.3073945,-1.2594982,-2.07885,-2.7872698,1.1559784,0.18947099,-1.1609983,0.5876507,0.038790803,5.411126,-0.5127884,0.09697458,11.075281,
TCGA-BK-A0C9-01A-11R-A00V-07,-4.227359,-5.173104,-0.73867,-1.6665587,-2.523719,4.0170116,-2.9123778,0.17881513,-0.12999807,0.42998138,-2.716834,2.6730304,2.7500198,-2.356343,-2.6098037,1.4058728,0.14593396,1.6321929,1.2640432,-2.135871,0.8800128,-1.2647393,-2.4327593,-0.11667635,-1.5421456,1.4748702,3.0390282,1.4289494,1.9947507,-0.84038675,0.75087214,-0.8660147,9.784475,1.0
TCGA-FI-A2CY-01A-11R-A17B-07,2.372837,0.7748324,3.9301534,-2.3618894,1.8682292,4.0943127,5.0111284,-2.112658,3.610935,-4.251804,0.83123183,2.7004833,1.8018463,1.8747246,-1.1759288,1.6458634,1.7778378,-0.35374284,-3.8509367,-5.7925353,4.2048903,-2.8873498,1.4755052,5.088721,-2.758628,-2.8399503,-0.2626005,0.76529104,3.233303,-2.090059,-1.4854043,-1.2724138,17.04471,0.0
TCGA-B5-A0K4-01A-11R-A040-07,-0.43093455,-4.5341473,1.14695,-1.3677056,0.7509896,3.2780788,-5.4997473,1.8617303,1.3912203,1.4440625,-4.431268,1.025145,3.4225485,-3.089564,2.0586493,2.8476422,-1.5424091,0.74286276,2.4076185,-4.5885854,0.6018646,0.31948695,-4.620272,-1.4422206,-1.7915069,-4.8531394,5.546218,3.2083209,5.308069,2.2265491,-3.17792,0.7005885,17.123207,0.0
TCGA-E6-A1LX-01A-11R-A14D-07,0.90113944,-1.4338778,2.0830247,-2.4154673,-3.6858487,-1.736409,-3.1547983,0.2888977,3.5209098,-1.417464,-1.4631454,-1.2078136,6.5800204,-3.70842,2.3235748,-0.029333025,-2.2292838,4.387338,-4.9755177,-5.093759,-2.8173506,-4.0047293,-1.7541763,-1.6596307,-1.889557,-3.272787,3.7530339,-1.620341,3.5125992,1.7515632,-0.2043898,-4.1153326,13.472082,0.0
TCGA-D1-A17U-01A-21R-A12I-07,-1.1827084,-1.5520238,0.739346,-0.4225979,-0.45816407,2.3410802,-1.8181747,-1.8033192,0.23371868,-3.0903964,-0.78612924,1.0320641,2.6193879,-0.7516228,-1.6193578,-0.15170069,-0.87803364,0.51554227,-1.365035,-2.885017,-1.3508937,1.159166,-0.94224924,-0.27858898,-1.9993141,0.08107701,2.4020495,2.2262948,-0.09774339,0.90047365,-1.35332,-1.839866,7.3685155,0.0
TCGA-B5-A11S-01A-11R-A118-07,-2.1283643,1.369523,0.3963309,-0.76101184,0.73512495,-0.15540674,-1.3080782,-1.8970251,1.5941346,-0.41656113,-2.3646936,-0.06287291,-0.51097697,-0.12651978,-0.29665646,0.0025940062,1.3161991,-1.0145785,-0.8401443,0.11166508,1.9483855,-1.5132811,0.42074132,-1.1957612,-2.4236436,-1.40148,1.7406468,0.801427,2.060631,0.11402916,-2.2442732,-1.8991817,5.776455,1.0
TCGA-B5-A0K0-01A-11R-A16W-07,-0.57190776,1.5618199,-2.0928366,0.82134515,1.9907923,-1.2131057,2.3022938,-0.22733575,-0.9129803,-6.502953,0.5638999,-0.6545809,1.4569631,0.21185392,0.43048352,0.26236853,1.4068252,1.9166497,-0.094226226,-3.0665128,1.4968581,0.64561105,-2.1669817,-1.9323218,2.1856408,-0.15575321,3.8706887,-0.35398087,-0.12339978,-0.50351423,-1.2538832,1.5102437,7.0587883,0.0
TCGA-EY-A549-01A-11R-A27V-07,-3.3678613,0.39839068,-0.07279807,-0.5674672,-1.1726819,-2.1701844,1.6785886,-2.0806732,-1.2414963,0.041513734,-1.052144,0.66119057,1.0839891,2.2194524,-4.1240835,3.23442,-1.5956967,1.0870239,1.7433448,-2.4281714,-0.14958768,3.17526,0.15950517,-1.7781585,-0.02924846,-2.2732973,0.7604515,-0.46166036,4.079372,-1.0636784,-2.4962647,-1.1773784,14.174622,
TCGA-AX-A1CN-01A-11R-A137-07,0.82288694,2.892416,1.4519931,0.6718446,0.38069296,4.3073125,4.532765,-5.2625766,-1.485349,-8.33993,0.9108157,-1.7412313,1.9660937,-4.8247867,0.7777779,-2.0012903,-1.0285203,6.77462,-4.227245,-3.262189,2.884841,-2.557248,-3.214028,-1.4622415,3.2174842,-3.6014993,6.6624827,0.80830467,-1.9841845,-0.47432205,-4.212304,3.2639234,16.889833,0.0
TCGA-D1-A16B-01A-11R-A12I-07,-0.30725363,0.06313216,-0.17343907,-0.5797388,1.1037977,0.6823944,0.0016691242,-0.5179019,-0.4259624,-4.1369147,0.788853,-0.45167717,1.1806989,-0.20690121,0.54793465,-1.0519209,1.7575234,1.4855261,-0.47166002,-0.92824584,1.4870485,0.17182095,-1.3171858,-0.42656565,-0.25707036,-0.23456675,1.4699684,0.702925,-1.2926468,0.07389845,-1.3582803,0.9787575,4.9785047,0.0
TCGA-FI-A2EW-01A-11R-A17B-07,-1.1983204,-4.168612,-3.7916052,-6.110328,-0.031807773,0.7710137,-0.53574497,0.34756032,-2.2896824,5.020431,5.3028364,2.8577645,2.0942724,2.9195256,1.4094068,4.090622,-5.048436,7.251452,-3.5027843,-6.6829615,1.3457531,-2.3928783,-4.6552005,0.6291081,-0.95687187,-5.864868,7.5733833,-2.2522917,1.3324431,5.359717,3.6681478,-0.5363335,10.693888,1.0
TCGA-D1-A17M-01A-21R-A12I-07,-0.9558873,-0.06626153,0.4803489,1.3289075,-0.619925,1.4621444,0.8004443,-1.0255704,1.0142419,-2.8550417,-0.07220012,1.3449042,1.5149212,-2.1532059,0.17280228,0.63863647,0.25321877,2.0010715,0.36117408,-3.9428685,-0.21678577,0.33212408,0.496975,0.40116772,0.8262392,-2.9395728,2.7890272,1.872833,-1.0559328,-1.1831044,-0.047968008,-2.2195132,7.307225,0.0
TCGA-B5-A0K3-01A-11R-A040-07,1.047914,-5.247559,5.602491,-0.9217625,1.2960955,2.8827877,-4.7541337,-2.930656,4.0198283,-1.1534026,1.5098878,3.765836,5.5233173,-0.554016,1.7911148,3.9774804,1.0778098,1.9583191,-1.4843687,-2.3341107,3.7157524,-0.4337184,-2.7370915,4.2772827,-3.5303786,-3.0755577,2.9615035,-0.5130952,5.4319906,-0.17322744,-1.2399744,-0.22663769,16.32478,1.0
TCGA-BG-A0M3-01A-11R-A104-07,-1.5253166,-3.3885355,-2.5122206,1.2736136,-0.34629124,0.22156134,0.10909491,-1.937128,0.12902991,1.0994416,0.6261179,0.64086664,0.14341223,-0.57521045,0.5270918,-1.3740621,-0.7105819,2.8529804,0.1103425,-1.9957217,-1.3364098,-0.19097513,-0.85416085,-2.728141,-1.5727649,-3.0637197,-0.15191232,-0.9333268,-0.33566037,-1.109793,0.5806505,-0.68343353,11.544128,0.0
TCGA-BG-A0MQ-01A-11R-A104-07,-0.3304534,-1.1117765,-1.0147659,1.52073,-1.2023581,-0.8199101,-1.2771735,-1.065279,0.7200584,1.1132039,-1.0085512,1.7810593,0.3535164,-2.4734852,-0.70668817,0.8520062,-1.178574,-0.34661636,-0.9181851,-2.6102664,-1.1690508,1.051019,0.89712673,-2.9110522,0.7689613,-4.0550075,2.4394908,-1.6927503,1.8748013,0.5683961,-0.39563742,-2.9446638,6.777923,0.0
TCGA-A5-A0VP-01A-21R-A104-07,-2.6039565,-0.32249722,-4.1959257,-0.28284916,2.4553535,1.6991346,-3.4320176,-5.7116356,-2.6839406,-3.4373362,-1.2816689,-0.01717296,-1.0753208,-1.6023713,-1.0140506,3.9459496,-1.4918302,3.9873226,-2.075672,1.8858898,-2.7118258,0.20149393,-1.1265829,1.3167973,-6.483219,-4.03248,1.2185564,2.0190372,3.5372548,-1.9381094,-2.289636,2.2710876,14.125127,0.0
TCGA-AJ-A3BD-01A-11R-A19W-07,0.20553088,-1.5970376,-2.2563357,-2.2522483,-0.8509821,1.3523065,-1.9280225,-0.02773976,0.032303482,2.6238868,0.47665232,3.758985,3.5836582,-1.0855668,0.7421816,4.1573462,1.0587897,3.4273639,-5.147253,-0.39076483,5.2342353,1.9822454,-6.346637,-1.5172197,3.1137798,-2.9902518,-4.0206146,0.9394919,1.3928182,1.9385222,1.6269146,-1.6133205,15.934243,
TCGA-B5-A11P-01B-11R-A14D-07,0.64927053,-5.3272243,1.6707158,-1.345236,1.6549318,-3.75441,-2.4830942,-0.53173417,2.399702,-4.637877,-0.59764636,0.016979307,0.82368547,0.3761871,-2.4288955,1.3760861,-1.3115286,0.666434,0.12917796,-4.413713,0.7839839,-0.23515181,0.4701636,-0.7230586,-2.936196,-6.6723576,0.58343977,2.606932,5.8239956,-1.5163316,-4.1298685,4.119945,14.098459,0.0
TCGA-D1-A1O8-01A-11R-A14D-07,0.570667,-2.0365534,0.9855723,-3.9746103,3.7610395,2.4895904,4.8279724,3.5155067,-5.9724336,-10.922368,-0.9885747,-3.7983613,2.321821,-5.985303,-0.82017463,0.77305794,-3.369063,4.839065,-3.102933,-4.9449596,2.3579319,-1.2328111,-7.5141754,3.68726,2.8926697,1.1755159,8.735352,-1.6518995,3.423707,-1.9265355,1.7529337,4.835209,12.017099,0.0
TCGA-D1-A16R-01A-11R-A12I-07,-1.7452481,-0.8800208,-0.63933253,0.006509065,0.74884975,0.78942674,-1.0109195,0.6240557,-0.33317277,-3.782406,-1.1647594,2.3868842,1.3089936,-0.34948888,1.9713925,-0.20373248,1.1374208,1.9068425,0.6403242,-1.6919221,0.3128096,0.5132778,-1.8401871,-1.932202,0.7336287,0.23413447,2.8132973,0.691553,-0.41862476,-0.6311028,-0.40309662,0.45132443,5.4415684,0.0
TCGA-AJ-A3TW-01A-11R-A22K-07,2.5789356,-1.6656703,3.2114775,-0.6880208,1.1722114,6.2838283,2.1205015,1.1048603,-0.94747317,1.4616772,-0.1715766,0.046651546,2.825205,0.9556792,0.26977456,3.649531,-3.2139826,-2.9844608,-5.500297,-3.0453975,2.859346,-0.7026518,-3.7069142,-0.35295925,1.2370678,-1.7228069,-6.1904273,0.33208808,7.794288,0.7010336,-0.76672345,-1.558061,21.66218,
TCGA-AX-A1CE-01A-11R-A137-07,2.9500964,2.210362,1.2045406,-3.8118124,-1.9161458,4.451396,-0.9096093,-3.8478816,-1.3654817,1.764652,-0.30646148,-0.90169096,-1.1656009,-1.2379777,-0.492579,1.4958146,-2.826558,4.0125966,-3.2299654,0.47183248,-1.7104328,5.3646827,-1.4283488,-3.1667461,-1.8272359,-4.730166,1.9314148,-0.77396226,1.0897248,-0.5077098,-1.5941571,3.0553308,22.53941,
TCGA-AX-A3G8-01A-11R-A22K-07,2.2591357,-6.5769734,-0.36936733,4.4300284,-1.1612813,4.0638046,-0.96183103,2.051058,-5.4869337,4.4248433,-0.7261206,-0.86194545,1.1645768,-2.4152665,0.38578987,3.4610968,0.5585829,0.5445479,-2.4949293,-4.029817,-0.09145132,1.0214711,-7.6976256,-3.219872,-1.0800099,-10.92985,-2.364925,4.0617976,-0.29935724,-1.9071671,-2.0545135,2.1514308,15.2989235,
TCGA-BS-A0V4-01A-11R-A14D-07,-5.062295,-10.546767,-1.4807849,5.9741926,-3.5769897,5.80944,0.40429142,2.9918907,-3.1365395,-1.5944914,-0.48501286,3.3671544,4.254093,7.861133,6.451384,1.4402525,-1.231213,-0.39940754,-3.6599438,-4.887825,-4.8425164,1.4826121,-9.811117,-0.91444415,-1.7184936,-9.2039795,0.6041578,3.5602925,-2.0484352,0.15088126,3.9453125,-3.3659897,13.63796,0.0
TCGA-BS-A0TA-01A-11R-A104-07,0.38420382,-0.42921224,-1.9636205,-2.192222,-0.6596834,2.2657528,1.7793372,0.88637286,-0.6427475,0.08971559,3.2340791,-1.0088631,4.33292,-1.2264059,-2.4377742,-0.19937983,0.7543735,0.28858382,-1.9434848,-0.24986045,-1.7022877,1.5507277,-2.3818445,3.6497028,-0.10000386,0.052099764,-0.5286523,-0.69781524,2.0158257,-0.28969833,4.72289,-0.38198853,10.029097,1.0
TCGA-QF-A5YT-01A-11R-A31O-07,-0.5673098,-2.551913,0.30940238,2.4664207,0.08385021,2.3143883,-1.4417157,2.618834,-2.891083,-1.9741974,0.56477404,-0.9482865,3.4610245,-1.8799233,1.4177341,1.3693261,3.7313337,3.2772624,-1.1757083,0.731226,2.4841595,-0.04598508,-5.2101145,-3.7340229,-0.20909207,-1.5521163,-0.6395058,1.5962192,-0.12065648,-1.2105868,-4.947493,-0.16567743,7.8333783,
TCGA-EO-A3AS-01A-11R-A19W-07,-6.3746414,0.93885475,-2.2846873,1.6259472,2.2109916,1.934488,2.2688608,-5.5115514,1.3535708,-3.3061113,1.5134969,0.78218496,1.2048299,2.84268,1.6039662,5.313789,-3.5196877,0.65519255,1.22783,-5.079745,5.04211,0.16332471,-0.94429773,-2.8447561,-0.32479596,-2.564367,-1.5815036,1.8722342,0.7117797,0.16171758,0.15384203,3.0417628,23.711441,
TCGA-AX-A1C4-01A-11R-A137-07,1.705346,-1.5860517,1.1784595,0.51522416,-2.682061,1.5709559,-2.2311893,-4.337802,0.6512604,-3.6699612,0.2374075,1.3604779,3.5625987,-5.6376214,-3.2951536,0.2883902,-1.4768171,0.7383318,-6.3794236,-0.011905468,0.06460473,-0.974772,-0.92468536,-3.495147,0.046256755,-5.179661,2.8915436,0.16691025,-3.6401272,-4.0380063,-2.973267,-4.9068394,16.798536,
TCGA-BG-A0W1-01A-12R-A109-07,-0.26364398,-2.3052702,-2.6541667,0.031146709,0.9979066,-4.929387,-4.8081017,-1.4185935,1.7195503,2.6494527,-3.0900238,0.91054285,2.8663135,0.44672573,-2.756045,1.6570938,0.82630646,1.4620899,0.5805716,-2.889477,-1.4645365,0.23799674,1.1399021,0.3698994,-1.9983475,-3.463735,3.2410452,-3.5818033,7.2579823,4.662158,0.6171161,-2.1814861,12.107845,0.0
TCGA-A5-A0GH-01A-21R-A16W-07,3.2670572,1.6454049,1.953692,-0.5695769,-4.17788,1.6692276,-2.3919327,-3.5253687,0.1751346,-5.7314954,0.6532383,0.32908228,5.9140162,-4.9502387,-1.6583372,5.732487,1.5539523,0.74983436,-3.6964664,-1.2544471,-0.5034646,-2.9687388,-0.7250973,0.98069763,2.40903,-4.8207703,5.307208,-3.5420237,-1.799469,1.4304248,-3.6599011,-2.9634426,16.98991,0.0
TCGA-AP-A0LT-01A-11R-A040-07,1.2637446,-2.3100772,0.8908314,1.1052208,-2.4599006,1.3439356,-0.16145964,-1.6960751,0.18859255,-0.5714175,-1.1219894,1.641628,1.2916929,-4.4546046,-0.9923983,0.8433993,-2.1458023,5.1120157,-2.7744062,-2.2653227,-3.6959438,0.9132932,-1.3761693,-1.6932373,-0.98456794,-3.4292204,1.2253722,-0.7771054,-0.4415813,-2.4046996,-0.79055464,-2.8038797,12.579214,0.0
TCGA-AP-A05O-01A-12R-A118-07,0.09798952,-0.002555288,2.4747097,-1.1839124,1.2011977,1.045331,-1.0313377,0.30666736,1.4525973,0.30214387,-2.3052275,0.3505853,3.351849,-2.437731,-2.9495263,-1.0650008,1.6752543,0.22018264,-1.5200229,0.45615116,1.1891332,1.4239242,-3.659366,0.8902841,-0.15162912,-1.6529018,0.57605,1.2829643,-0.36058232,-0.0628786,-0.4338605,-3.4759977,11.135285,1.0
TCGA-JU-AAVI-01A-11R-A40A-07,0.5687217,-2.000818,-1.7871659,1.7032831,2.7519546,3.2731144,0.82083786,-0.2805961,-4.304926,0.32923722,4.5033083,0.051288657,6.2826076,2.3248985,1.890998,1.0723919,-1.3840992,-1.9974966,-2.9515662,-1.6409093,1.616772,-0.9540629,-7.906759,1.4039305,2.8882844,1.0724893,-0.3987221,-0.8394735,2.4534137,-0.17187026,0.17024176,2.2387433,20.936342,
TCGA-AX-A3FZ-01A-11R-A22K-07,0.48847306,-2.5838578,-4.5443397,4.774819,-2.2915688,3.4446487,8.752819,3.6970122,-2.80686,-4.0863223,-0.65982944,7.7305145,11.200388,-5.475909,-4.6721153,0.6683887,0.83208966,-1.8725516,2.4190314,4.6249323,1.1990991,-7.8411736,-3.1475399,-7.469378,-0.99894345,-3.7799819,2.4331808,-2.8508534,3.1400106,-0.6495246,-7.569525,8.730201,10.716922,
TCGA-BG-A0MO-01A-11R-A040-07,-2.533672,-2.4226298,-1.5704541,4.4539,2.7322967,0.97227144,-0.05647346,-0.25310403,1.1846025,-2.7943158,-4.4085374,0.4839305,1.4717158,-1.754346,1.642567,-3.5385547,-1.0339917,0.55666083,0.7710132,-2.9594312,2.560119,1.5041568,-5.079826,-2.054326,-0.766211,-2.6076186,0.51150846,3.277423,1.0877132,0.10456961,0.40580547,-2.2555149,9.366977,
TCGA-D1-A16I-01A-11R-A12I-07,0.37714577,-7.456631,5.2147293,-3.8369315,-6.1675367,4.4123454,-0.41034973,-0.39549482,-1.1731803,-9.055281,-1.057778,9.015541,0.61986893,0.9518239,1.0985905,7.9821186,3.5384276,7.5169435,3.317538,-12.315282,3.2413642,-3.5426974,-1.7617568,4.0220184,-3.6300938,-5.8633003,3.766526,-6.885068,0.22799996,-2.9340937,5.506608,4.179346,11.715704,0.0
TCGA-D1-A17R-01A-11R-A12I-07,-4.4715433,-3.9501789,0.045658622,2.2441394,-0.98139524,3.5098836,-0.6355453,-2.618768,0.4363692,-5.5835967,-1.0303531,5.573097,1.4653707,-3.0389907,-0.035507888,1.1778964,0.3795922,1.2238137,3.273253,-6.013117,0.56831396,-2.6859856,-0.25305313,-0.5006154,0.5206919,-2.0705042,4.8332405,2.4448826,-1.8588247,-1.3285463,-0.13596499,0.29014724,5.8779216,0.0
TCGA-EY-A54A-01A-11R-A27V-07,0.5170119,2.0208457,-2.905572,-2.6272433,-0.15971795,-1.2952827,5.183213,-3.954265,1.9576523,-3.4784813,2.2076814,1.5812285,5.785877,1.7223021,-3.640793,2.5450423,2.363605,0.13985722,-3.5145075,-0.8400829,4.57158,-0.13778679,-2.832953,-1.637402,1.5038506,-2.1591744,-1.1389802,-1.0189849,1.016151,2.671553,-0.60632825,-1.7115078,19.51024,
TCGA-FI-A2D6-01A-11R-A17B-07,1.4963992,-1.2060596,1.8074701,-1.9818962,-4.3244863,3.0946524,0.9497392,0.28088117,-3.909499,-4.912657,-2.2092137,4.0776787,0.8972789,-7.528576,-1.8795794,2.585755,-1.6831987,-3.3953373,-5.4357777,2.026566,-2.0796955,-6.5668726,-1.8736157,-1.3390436,0.87302995,-0.98667884,3.7871156,-7.1647286,4.6151977,0.77092576,3.1943905,6.675713,16.718035,0.0
TCGA-BK-A0CB-01A-32R-A104-07,-1.1698607,-2.0517454,-2.0249283,2.2835379,-0.6622444,2.1840105,-1.1501119,1.3053099,-1.3372136,-1.8717195,-0.9635693,2.4369154,1.5751263,1.1833217,1.2676865,1.3763773,0.74269325,1.0815239,1.6147916,-1.686315,-1.3856045,0.44777462,-3.4005072,-0.4177154,1.4700074,-0.22796842,3.195514,1.631629,-1.6692153,0.067124486,0.13240778,2.9145534,8.186693,0.0
TCGA-AX-A2HG-01A-11R-A17B-07,2.3915436,-1.6016424,-2.1633325,0.51803637,-1.578674,2.2626114,-0.21156158,-0.4225114,-0.057073753,2.3269575,3.1535184,-0.41882175,4.4016805,-0.8137222,-1.0952038,0.9264498,-0.33628047,-0.565546,-3.4590101,-0.42697507,-2.1731966,-2.6942487,-1.7517276,1.7934716,1.7789563,-2.929956,1.9978316,-3.763764,-0.81747746,0.6475846,-0.92227167,-2.8893855,6.6528587,0.0
TCGA-A5-A1OG-01A-11R-A14D-07,2.383486,-2.6395142,-1.1863045,-1.8776627,2.419853,-1.2905843,2.5882561,-1.5494441,0.9132606,2.0725548,3.3018336,4.1072392,-0.43072096,-1.314582,-2.7637165,2.6191208,-0.33707958,3.7608488,-1.3048817,0.6211965,1.06451,-2.8813472,-3.139258,1.1406652,-0.8643212,-0.7927855,-0.63121665,-4.078349,0.7517993,1.5187433,3.2007306,1.6677378,15.782964,1.0
TCGA-D1-A3DH-01A-11R-A19W-07,-5.4322515,0.5515191,-0.039988644,-1.4999292,1.1595466,2.475802,-1.7979344,0.5268727,2.5841932,-1.5286741,4.671681,4.8275604,1.0346516,-3.3782852,0.7056654,7.964846,-4.868499,3.5347233,0.036869697,-3.382453,4.705578,-2.0331933,-2.048211,-7.024815,3.2147636,-4.3777957,-3.2541301,0.092815705,5.3708115,-2.458159,-2.9833333,1.1077801,20.622063,
TCGA-D1-A16Q-01A-12R-A12I-07,-1.8791808,-3.2104235,-2.8817558,-0.9883065,-0.28388232,-1.023712,-1.0681394,1.4269736,-1.0211587,-0.9598505,0.15836322,1.9924523,0.39124754,0.4437942,1.0306853,0.3165765,1.3953868,3.3243856,0.5922298,0.22247325,-1.188541,-0.36345792,-1.8108566,-0.03836586,0.95693356,0.123004906,1.7779193,-1.49409,0.7993672,-0.70205826,1.8369749,1.6413164,3.4100769,0.0
TCGA-D1-A17D-01A-12R-A12I-07,-3.803019,-6.8025665,-0.73516446,-1.5862468,-2.435586,4.0112967,-3.976248,-1.2385713,-1.4818512,-1.6665074,-0.58589315,3.4469547,1.265875,-0.54141504,-1.5651227,0.2555167,0.1985344,1.4090881,0.86009365,-2.2196865,0.07806537,-0.6399568,-1.8218064,1.9268126,-3.1196887,0.31162643,2.199275,1.0029715,1.277114,0.28880066,2.1883955,-0.818292,5.8071632,0.0
TCGA-AX-A3FS-01A-11R-A22K-07,0.49988678,1.8421077,-1.6201092,0.369645,-6.18739,5.102944,4.136914,-3.4556918,-3.7031593,-3.6975548,-3.038696,-0.07868346,2.5439312,-3.5371535,0.029453488,1.0825155,-0.5694565,-5.386802,-4.74137,0.88444424,2.0155113,-9.575277,-0.63730264,-3.395166,0.49656668,-0.5021874,-2.5382872,-2.7746992,4.0633826,1.4003596,-3.7102869,5.0489936,21.140274,
TCGA-B5-A1MZ-01A-11R-A144-07,-2.3914046,2.6627958,-0.71900535,0.19860156,1.3855633,0.14608018,-0.85297865,-1.313448,-1.4637027,-0.704762,-0.67254364,-0.18207832,-1.0590388,2.112798,0.09341464,-0.55840755,1.9741508,-1.5228949,0.31321782,0.53414094,1.2843635,-1.5997614,0.077793986,-0.48460925,-0.51281315,-2.4936683,2.8189974,2.3241673,0.6871184,-1.5611837,-1.5976428,-2.4292924,14.016305,0.0
TCGA-A5-A2K2-01A-11R-A18M-07,-1.37702,-1.815748,-3.0167534,-4.216537,3.6660676,3.4103901,-0.06915613,-4.8682795,1.5259042,1.7111446,4.5967245,3.402534,4.6770287,-2.8556864,-0.9111155,1.9485787,-5.5248575,2.8872182,-4.5472803,-0.88196534,6.9899893,-1.9915302,-2.073404,-2.5761807,-2.2524571,-4.5241294,0.46900165,3.2590714,2.7529612,3.2050035,-3.4802046,-5.529986,16.160566,
TCGA-EO-A22S-01A-11R-A18M-07,1.1222211,0.47986522,2.5152724,1.035996,-2.3096864,1.2803985,-0.30979353,-2.4800992,0.3607698,-1.8429532,0.36337495,-0.4737646,1.4208678,-4.3543763,0.23131841,0.7863528,-0.755238,0.9808981,-3.9170775,-1.2217216,-2.4347453,-5.213447,-1.3799732,-1.2000227,-1.805598,-3.2279503,4.040938,-0.464956,0.3650366,-0.017017392,-3.0793958,-1.1444687,11.328473,
TCGA-AJ-A2QL-01A-11R-A18M-07,-0.50534546,1.4017758,1.8871799,-1.9089978,1.4276186,0.59463423,-3.0313082,-2.4693801,0.9770426,-2.9271984,-1.5211041,-3.0462961,-0.639026,0.9767405,-2.0989456,0.45733425,1.9357765,-0.9585486,-2.6964636,1.7392985,1.7411397,0.99694484,-1.98363,1.8409413,-4.435769,-1.2843821,0.26449445,-0.12861876,4.0149617,0.40915754,-2.6209247,0.31042725,13.630435,
TCGA-D1-A16V-01A-11R-A12I-07,-0.5950169,-0.99121845,-1.9828929,0.6740537,3.6576672,2.2618072,-1.4158167,-2.2702658,0.20218557,-0.93895674,-4.140111,-1.3381674,-2.4640884,-3.139007,-2.159179,2.478703,0.7342716,1.1654828,-1.5384045,-1.9201345,-0.80747086,-2.6394794,-1.9616696,1.3878723,-4.0547423,-1.8869438,1.8504109,3.0616937,4.7425504,0.57790667,-1.4806722,0.89533865,18.699457,
TCGA-AP-A0L8-01A-11R-A040-07,-0.95286965,-2.9190564,3.059483,-1.2527422,-2.9313598,1.485407,-2.3802855,2.990244,-0.47277233,-4.1203256,-1.0471158,5.404057,2.4463122,-1.9547215,-6.148929,5.5330124,-0.8018638,-0.25802803,-5.342838,0.7865575,5.9749594,-8.238301,2.7261884,-0.1546494,0.3711095,-2.951824,-0.07824016,2.7881038,0.29101652,-7.5019617,-3.3672278,3.0138822,21.230453,1.0
TCGA-BG-A0MG-01A-21R-A104-07,-0.16851832,-2.3101218,1.2891876,-1.6605513,0.451493,0.91409296,-1.4480578,-2.4758947,1.4333699,-1.2027615,1.3497734,2.6766715,2.9384258,-1.6492206,-1.6946198,0.071119495,2.04328,-0.1488192,-2.3243158,-0.32437253,1.0301799,-0.48567984,0.084009126,1.1834114,-1.488076,-2.3672893,0.03732079,1.081785,-1.050368,-0.7053522,-0.69365835,-1.9461029,6.82818,0.0
TCGA-BG-A3PP-01A-11R-A22K-07,0.40471426,-2.167765,0.045116965,1.7896905,-0.21703503,4.4389305,2.7672436,-1.5282812,0.20353545,0.37632176,0.21912108,-0.024221312,-0.9497125,0.8753679,0.2258888,2.0868976,-0.8537247,-1.958936,-4.680329,0.68030196,2.3416734,-2.0049634,-3.913498,-3.9204547,-1.1594878,-2.905651,-1.9137826,0.26173723,2.4802155,0.1665207,-6.0729203,3.3599854,23.87024,
TCGA-A5-A3LP-01A-11R-A22K-07,0.93318194,0.9426291,-1.8444734,1.1831236,8.678747,5.586843,0.723273,-5.3613453,1.9896991,-3.2211337,1.2491336,-1.0426468,1.6927227,2.2464585,1.8210986,6.1088715,-4.598677,-2.3370817,-0.9111729,-6.5885954,6.5199003,-4.7280602,-7.2682223,-3.8554218,0.81130743,-4.378495,-2.9750648,6.213388,4.9699926,4.7043834,-2.5174675,3.641696,15.199447,
TCGA-EY-A72D-01A-12R-A34R-07,-1.3658705,-1.4270511,-2.3455245,-0.4028298,1.9629925,1.9603163,-0.6562309,-3.6192474,-2.250608,-2.057634,1.7259207,-0.43896112,5.5409946,-1.9815007,1.3524297,6.500991,-3.7289152,2.4896603,1.2977675,-4.360733,5.4269476,-3.9865773,1.2524348,-2.3261106,-2.6920235,-2.8558922,0.62858856,-0.67036647,0.7095313,-2.4654286,-7.838099,-0.6547103,23.71253,
TCGA-AX-A2H4-01A-21R-A18M-07,-3.4534957,-2.3297708,-6.5431457,-3.0802119,1.7492685,4.844225,1.4686749,0.17819655,-4.307849,1.435915,4.5421605,2.6471167,4.3266106,2.773846,-3.0898626,2.3188767,-0.897471,-2.2814698,-3.3947167,-3.059702,0.5770033,-4.3382673,-2.901745,3.2058816,1.327165,-0.7026923,-0.3398413,5.3275614,5.0568213,1.0951338,-1.521479,-2.5005188,17.495153,
TCGA-AX-A2H7-01A-12R-A18M-07,-0.071641356,-0.8881173,-1.8107818,-2.5814342,-1.6422259,-1.3879938,-0.6274805,-0.29405656,2.14201,3.014184,-2.324067,-0.12055995,-1.3014277,-0.6472525,0.7060055,1.8235736,0.3179437,1.8146809,-0.8780511,1.7386338,-0.7989504,-1.6785369,-0.43169424,-1.943954,-2.8632226,-5.2599154,1.6260223,-2.355336,8.470179,-0.85681987,-0.2194336,3.6883783,16.019365,
TCGA-A5-A0RA-01A-21R-A104-07,1.3131931,-0.6136637,2.1672077,-1.0615485,-1.0151815,-0.035542097,-1.0452197,-1.5432575,1.6628499,-1.9615626,1.1667945,-0.7458435,3.3112524,1.4220853,-3.9243443,-0.5579999,1.583264,1.3714051,-2.4460196,-0.94143915,2.435225,2.432186,-3.2709033,0.9373912,-3.4569414,-1.3285488,-2.0676382,0.053339876,-1.1778166,3.0949976,-0.45568925,-2.9063146,14.468836,0.0
TCGA-BS-A0UV-01A-11R-A16W-07,3.1285715,0.105006315,1.812398,-6.403565,-1.6663046,1.8553369,-0.32125738,-0.32496676,-0.59523976,1.2130663,1.9411983,1.6736727,3.5533552,-1.8789536,-4.921951,5.3224006,-0.43706316,3.4608357,-2.5454237,1.4818236,-5.688708,0.14717427,-1.4894773,-0.024054095,-0.46141145,-1.590348,1.1177268,-0.6938323,1.7690583,-1.329666,-1.2400106,3.553686,18.115978,0.0
TCGA-EY-A1GE-01A-11R-A13S-07,-1.9767386,1.5648265,0.49635527,-0.29263768,0.19249427,1.9046153,-2.297305,-2.5372894,-2.401692,-3.782053,-2.6772587,-0.131708,-0.732124,4.0651145,-3.8178444,1.9267845,-2.1199605,0.8324049,-0.39055184,-3.653912,0.54368705,5.8241024,-1.1767603,-1.0102023,-2.6734111,-0.025871335,3.3820698,-0.5933003,-0.57897186,3.1390417,0.32237983,1.7047008,10.782334,0.0
TCGA-PG-A917-01A-31R-A37O-07,-2.5779204,1.1799467,-1.5449758,-1.4487466,-0.32182485,-0.7633512,2.711986,0.528142,-1.4474941,-0.2876445,-1.0261381,1.305281,0.85818243,-1.4399376,0.9199575,1.2976136,2.0792022,-1.8469256,0.29189774,1.0835673,0.6886158,0.08926082,-0.90892106,-1.3024316,1.35949,-1.6193426,-1.8810339,-0.90104747,4.5064793,-0.66307765,-0.74714947,-1.0076417,17.459509,
TCGA-A5-A0GN-01A-11R-A040-07,-4.5205383,-2.8331645,-6.2839317,3.6216552,1.1987607,-1.0118797,2.927087,-0.6293472,-2.2998738,-0.37228137,-1.2474208,0.8031369,1.4227736,2.493218,-1.2222371,-0.22717445,-0.25313854,-0.93878394,2.3106112,-3.639876,-0.46561792,-0.9555368,-3.0011764,1.3438572,1.142558,-2.8955579,2.5982652,2.176043,1.7271434,-2.145253,1.5531284,1.3494562,17.94682,0.0
TCGA-AP-A5FX-01A-11R-A27V-07,-3.6441975,-2.1621723,-4.3751187,-1.083116,-2.8496847,0.66661334,3.9792004,-2.589107,-1.9382622,2.8156312,0.082650855,-3.6603816,0.5470282,4.9116464,-7.754868,6.8033767,-1.9114218,6.2291994,-1.2140572,-1.2615407,0.62566394,-1.3470308,-0.90900177,-0.31447563,-4.9246655,-1.387994,-1.965031,0.081330895,5.1684346,-1.7085441,2.6041813,3.1947365,15.158992,
TCGA-B5-A0JR-01A-13R-A466-07,-0.39220855,-0.18667714,-2.280865,1.2800105,-3.5043826,1.706976,3.6303868,-2.3177965,-3.3805163,0.40809822,-0.3406565,-0.43072355,-2.0650058,-2.47488,0.27151844,3.1600466,-2.8536928,1.3174499,-1.2295147,-3.9500868,-2.6925895,0.1266597,-0.5450675,-6.15701,-0.36983734,-0.041683137,0.6626157,-0.3057621,2.0932903,0.2176654,2.4585407,-1.7601609,13.937021,0.0
TCGA-BS-A0UM-01A-11R-A104-07,-2.6600046,-0.050807934,-0.77137667,-1.7963419,-0.47667304,-0.021902047,-0.051605146,-1.8692348,-1.3620766,-2.4746056,-1.5273658,1.2073777,-0.9254357,-1.243788,-4.1427946,2.2121449,0.4646805,0.88771266,-0.71582764,-3.2984297,-2.5524378,3.2261748,-0.7770811,-0.53803277,0.16427164,-0.47343874,1.9210031,-0.3482412,3.4704993,-0.3511803,3.5666156,-2.6489282,9.749915,1.0
TCGA-BG-A0MI-01A-11R-A040-07,-0.5474873,-2.1424048,2.4554033,-0.447214,-0.79622453,0.22785313,-0.6326862,-0.5497295,0.7565881,-5.5071497,0.46303448,1.905578,3.0096002,-2.368916,1.2091306,-0.6741133,0.7455698,1.1977367,-0.4695065,-3.9605489,1.5749984,-0.27004665,-0.041875724,-0.6209279,0.5514755,-0.9362513,1.8040888,2.0615458,-0.28609967,-1.4600964,-0.484836,-1.8311907,12.158307,0.0
TCGA-EY-A1GX-01A-12R-A13S-07,-2.894984,-3.537888,-1.5317847,-1.4805899,-1.4334503,1.9314022,-2.1040785,-4.8370223,-0.88469267,1.7190975,-1.3878702,-0.45811945,-0.40383226,-2.4892707,-2.270568,4.076509,-3.268101,3.2181458,-0.4161179,-0.4602672,-0.59710556,2.8842468,-0.96198124,-4.792656,-3.9536204,-5.0042405,3.087734,1.1711596,5.5073047,-0.99186355,-4.538228,0.38288897,14.900439,0.0
TCGA-AX-A3GB-01A-11R-A22K-07,-1.9351171,-2.5000794,-1.7516893,1.7301736,-0.6437198,-2.391168,-0.29583958,1.2024559,-2.5420568,-1.2435058,-0.62366426,-2.4336798,1.7106396,4.1904073,-1.8375854,2.6601963,1.8643091,1.4667537,0.58953863,-1.8983593,1.5630926,3.1769605,-4.0160046,-2.7721121,1.1539332,-0.7621058,1.5996276,0.08797727,1.9364585,1.8819317,0.38571236,-0.20487554,10.730469,
TCGA-BG-A0LX-01A-11R-A16W-07,0.08126255,0.6065812,-2.9304042,-1.9784038,-0.28285897,2.825422,0.78530693,-0.823648,-0.53747857,0.50669444,-1.6161027,0.16662759,-1.0424968,-0.852215,0.36283687,1.7814054,0.98465747,-0.79168046,-1.0201954,0.31844088,-2.7230253,-0.7721378,0.6151614,-1.3460261,-1.6326672,-1.2204952,1.966171,-0.17149906,-1.189998,0.8851002,-0.03246982,0.62469375,18.245676,0.0
TCGA-BS-A0V7-01A-21R-A118-07,-7.856657,-8.620194,-7.6264753,2.1640503,-3.6312623,-1.3854858,3.1258833,6.4447336,-6.945953,-4.8741145,0.3018017,5.454386,2.1392736,8.822804,4.1035447,4.298909,4.663774,0.71391433,-3.9741373,0.35255763,-1.5555593,-1.067454,-6.7724037,-2.082541,1.5267731,-9.651297,0.95657784,-0.5160029,4.0481844,6.6631365,6.1567783,4.2748375,11.144726,0.0
TCGA-B5-A3FA-01A-11R-A19W-07,0.6614059,1.292641,1.2092999,-2.6611001,0.4459229,3.237973,-1.9337418,-1.3448555,-0.03647547,-3.3014226,1.9512702,0.7655685,1.6700262,-2.946788,1.1964773,5.264044,0.35985947,-2.0925472,-2.1301627,-2.186487,0.615726,3.0495985,-2.1234932,-4.094818,1.622269,-4.501541,-2.750873,1.7159282,2.1702979,-1.0009539,-1.0820407,0.19846544,17.301731,
TCGA-BG-A0VT-01A-11R-A10J-07,-0.6725545,-0.51190776,-3.6717002,4.194963,1.1613264,-0.32185876,2.3309426,0.15836932,0.69552606,-0.96238005,-2.7378364,-1.6849729,0.4404384,1.300833,0.0892433,-2.2462628,1.9608355,1.860314,0.4880369,-1.050128,1.8603829,-1.6587787,-3.5733087,-1.5727383,0.8176606,-2.4241624,2.22269,0.9055169,-1.4053825,-0.008278098,-1.9219877,-0.2022908,7.288044,0.0
TCGA-AP-A0LG-01A-11R-A16W-07,0.5302735,-0.46121785,1.6548425,2.7877674,0.3727659,1.769336,0.69589746,-1.632622,2.218441,-3.519,-0.32932925,2.1617615,1.0019642,-3.1016812,-0.38461122,-1.2009032,-0.67018366,1.2892262,-1.4409446,-1.0970608,-0.4938565,0.23184098,-0.92518216,-1.3389028,-1.7566845,-3.279623,1.7378125,2.001757,-1.8954984,-1.0525739,-2.324332,-2.6908498,6.64554,0.0
TCGA-AX-A1C8-01A-11R-A137-07,5.6568103,-3.108404,-2.2429185,-0.6647042,1.2682804,3.2391293,-0.27359593,-1.7634988,-3.0705044,0.5927857,1.1562188,0.30598602,3.339064,2.0640254,-6.8927674,5.0105715,-2.7096298,-1.0121219,-3.874912,-2.0790417,3.2970788,-4.1322427,-4.3306203,2.8017144,2.7815485,-4.9750934,6.1437926,-7.707262,-4.173163,1.5122116,-4.4260917,1.341872,21.258093,
TCGA-AX-A060-01A-11R-A00V-07,-3.0582938,-6.206598,-0.31681433,5.0935946,-0.09937737,4.547173,-2.262769,-3.1497965,2.2797837,-2.4306908,-4.4402876,-0.42584848,2.620649,-5.8486414,1.3473903,-2.7522264,-4.2002034,2.4002564,-0.8164637,-6.1135483,2.6155674,0.14426327,-6.756882,-3.4911432,-3.1064944,-4.465208,4.296424,4.1466155,0.15167132,-0.22340576,0.18771192,-2.5899892,12.195893,0.0
TCGA-A5-A2K4-01A-11R-A18M-07,-1.3119326,0.7097219,-2.8218892,-1.4056984,1.3050697,0.69416714,1.6711068,-3.6302342,-0.9478336,-2.2231774,3.358277,2.891166,1.5889871,1.0126641,-1.4879099,2.335242,-0.6423902,-0.7357752,-2.8077047,-2.417019,4.615159,-3.0242345,-0.6466836,-0.88125217,1.4314909,-1.6788073,0.79631853,1.6466829,0.41062656,3.503295,-1.2875719,-1.1790067,23.360342,
TCGA-D1-A15Z-01A-11R-A118-07,-0.27176747,-0.5632141,0.08232422,-0.5658624,2.072295,0.24524713,-1.041353,-0.310029,0.8703362,-5.333369,1.2952096,1.2562728,2.406314,-1.2576219,0.4216918,-0.4464345,0.99277616,1.4982588,-0.7763387,-0.2646817,2.943295,0.12351297,0.076046705,-3.1970057,0.7192157,-1.2966968,2.156751,0.21581252,-2.0784109,-1.4731342,-3.3800633,-0.21561013,11.172846,0.0
TCGA-BS-A0T9-01A-11R-A12I-07,-1.7671334,-2.4144902,-2.3569424,1.3292056,2.274107,1.7059121,-0.8027112,1.6273717,-1.3523542,-3.117252,1.2635238,2.3480356,3.8112445,0.533211,1.2386361,1.5051099,1.7949117,1.0333453,2.1071746,-1.6049637,0.6084031,-1.1427618,-4.4077663,0.77312773,0.8372962,-2.5008564,3.1816864,2.6985273,-2.4312325,-0.07077825,-1.6166881,5.257015,10.907776,1.0
TCGA-A5-A0GQ-01A-11R-A118-07,-1.238541,-1.6721793,-1.5084791,-0.012758111,0.49268126,0.74796915,-1.7246798,-1.7391254,-0.88547283,-0.045075037,0.58095753,0.5051597,1.3648843,1.961099,-1.2991976,0.1547265,1.1032193,1.2650839,-0.9023346,-0.41439605,0.16123661,2.0266142,-1.6221243,1.7280556,-2.0304356,-1.7807094,-1.6782053,-0.5409987,-0.15948533,1.5631018,2.0181918,-0.52376413,6.7902,0.0
TCGA-D1-A0ZU-01A-11R-A10J-07,-1.0302339,0.13371171,-0.78283215,-0.18164898,-0.6793068,1.5317414,-0.35093394,-1.2649683,0.663763,-2.535757,-0.180985,0.731766,0.40525666,-0.10636597,0.5587888,1.0760885,1.2222239,1.6981126,-0.42625415,-2.0541487,-0.41195628,-0.25013268,0.62211126,-3.5039723,-1.1113796,-0.6453235,2.1933687,0.26576295,-1.3119134,0.528078,-2.7891374,1.8289174,5.286444,0.0
TCGA-AJ-A3BI-01A-11R-A213-07,-3.7646184,-7.0813565,0.31364164,0.050460506,0.124599606,5.176443,-2.9646971,3.6661675,-4.3669276,1.6484381,-3.3221502,0.97437114,3.226933,1.4027267,3.3179357,2.487632,1.6690757,4.389786,-5.245688,0.28113243,2.7681732,0.32871148,-10.097445,-0.8972407,-1.4708484,-4.5555577,-2.5220706,3.2530482,0.9195389,-1.3472344,0.29344818,-0.51847905,32.91462,
TCGA-B5-A11N-01A-11R-A118-07,-5.13551,-0.08174091,-5.056585,1.8144394,2.2344737,6.2652597,3.5995944,-0.09178451,0.70535105,-4.3197894,-1.4141631,0.75157803,1.3861111,2.5628765,0.9102287,-2.397845,-0.45085672,-1.2923429,-0.19522227,-4.763775,0.11101357,1.078201,-2.9126143,3.6992805,-3.0833573,-0.9897484,0.4671203,2.46669,2.1521587,-0.46621445,-0.5428517,-2.0360367,10.840976,0.0
TCGA-BG-A0YV-01A-11R-A10J-07,4.220138,-0.38273638,0.4373007,-3.9976637,0.2177687,-2.7366188,-0.8019214,-3.7501597,1.7412128,-1.3334115,-1.6538976,2.8486826,-0.36229426,1.0886765,-4.011419,2.4091861,0.92650294,3.4203012,-2.6556056,-1.5914184,3.0647852,-0.28104296,1.0776165,-1.9055133,2.1553044,-3.4203405,-1.9406635,-1.1112543,0.7773825,2.1472695,1.0539451,2.2108932,17.799915,0.0
TCGA-AX-A3G6-01A-11R-A213-07,-1.2072632,0.13138382,0.40327817,-0.1943542,-0.2286295,0.5131951,1.356057,-1.1234741,0.97343045,0.26166755,1.2751112,0.79608595,-0.10965161,-2.3199432,-1.3243662,4.3751197,-0.6668992,1.8114102,-1.2150172,-0.08932201,3.2181203,-2.0405424,-1.9380703,-2.2394767,-0.7236078,-3.0395439,-4.3607173,1.8726984,2.7431734,-1.3053033,0.44927013,0.4182392,31.777882,
TCGA-EY-A1GV-01A-11R-A13S-07,-2.3946369,-1.1526455,-6.5495434,-1.2366992,6.528652,1.7415136,-3.2031803,-3.1722362,-2.7872586,1.3581718,2.344818,5.9846196,3.4653058,2.2720997,-0.82397825,1.4680145,-2.5033548,-0.3462716,2.0787408,-5.346857,4.022653,-4.5823736,-2.1600406,1.8458002,0.50738204,-6.7351823,4.2660747,4.797741,-0.9404035,3.8024557,-0.8745828,0.9867612,15.742341,0.0
TCGA-BS-A0TI-01A-11R-A104-07,-0.9934369,0.38536865,-3.781812,0.014014103,1.2661005,0.020648373,-0.25383815,-0.2442623,0.2453198,1.6908772,-2.5406992,0.9937439,0.7526813,-0.19355403,-0.33095476,2.7693927,0.9146477,4.0205216,-1.2282249,-1.6463579,0.20438623,-0.5916924,-5.153788,0.18534555,1.8460972,-1.5603634,-0.92420185,3.0463593,-0.50138444,0.30139792,3.3518548,1.8952016,20.535912,0.0
TCGA-AJ-A2QN-01A-11R-A18M-07,0.1384219,1.4218417,0.65700114,-2.4231145,-0.46995938,-0.4595388,-0.99362886,-2.1728272,1.942072,-2.0939412,-2.5881126,0.114099674,0.18230037,1.0153389,-2.2266755,1.602747,1.7789614,2.155143,-0.21703756,-1.6258446,0.9485999,-0.09833244,0.2361218,-1.339551,-1.0922418,-2.2022474,2.708947,-0.27579114,1.453272,0.83215445,-1.4601927,0.8120181,23.547012,
TCGA-AX-A05U-01A-11R-A00V-07,-2.1771011,-0.68949455,1.2405272,-1.3461467,0.73178697,0.34083265,-1.1828825,-0.8068586,1.239833,-1.6971085,-1.3510286,1.8276309,0.28723958,0.14514238,-0.21212675,-1.756914,0.9454104,1.1703985,0.4859705,2.014285,3.7076793,-0.5938792,-0.14471081,-1.8101156,-2.0705054,-1.4290026,2.1554213,0.16237214,-0.39197367,-1.5501485,-4.2507734,-1.2277843,10.035992,0.0
TCGA-A5-A7WK-01A-11R-A34R-07,-2.5861242,0.05230004,0.009607784,0.086658046,2.6872957,1.3106201,0.8340323,-1.3594165,1.7768044,-1.0519533,3.046855,1.933548,0.8431805,-0.8626802,0.85728484,4.995427,-1.5707557,2.2915752,1.4574608,-1.2986525,4.3874044,-1.8113264,-2.2028973,-2.9120953,-0.6778913,-3.0237803,-1.2750535,2.7805495,2.4682329,0.19154055,-0.7801878,0.8618257,33.62903,
TCGA-AX-A06H-01A-11R-A118-07,-0.14660533,0.81014156,-3.6739087,1.8379903,-0.22765352,4.298142,1.027158,1.5581899,0.7553978,-2.6392465,-1.8284403,-2.2805939,0.7322225,2.2083564,-0.048707895,-0.3264724,0.8081157,-0.37689677,-2.2398076,1.9437407,-1.4310879,-1.017595,-3.4644625,3.1618237,-2.034471,-1.0929343,0.8986614,0.27684462,-0.21393083,-0.5502958,0.035001688,-2.7200718,8.25465,0.0
TCGA-DI-A2QT-01A-12R-A19W-07,-0.9238514,-4.43434,-1.9152468,-1.0783209,0.6234829,1.9190379,0.14389315,-2.7652206,0.0100975465,1.2513717,2.8495681,2.277002,5.5558043,1.2255777,1.4115733,-0.13151556,-2.0735958,0.281686,-2.9220948,-3.8580308,3.3062725,-1.1001321,-3.574169,-0.3274609,2.1047618,-2.8552759,-1.7574369,0.029849518,0.43672857,0.7413715,-1.2725725,-2.2740293,37.260563,
TCGA-PG-A6IB-01A-21R-A31O-07,0.2024848,-0.07292608,0.27406338,-0.7147005,-1.2922101,5.8383875,0.7719222,2.4759674,-5.9096313,-0.7067773,-2.0045729,1.1711206,5.5121717,-3.3227708,0.94839084,4.195229,0.7789923,-1.5707548,-3.574674,1.6019849,-0.22084594,-0.46470186,-6.999521,-1.0567329,3.3474007,-1.8340482,-0.2061501,-1.5979627,3.28339,0.28954664,-0.07608611,0.32687882,32.98514,
TCGA-PG-A915-01A-11R-A37O-07,0.9805814,-1.4245882,1.3314041,-0.8066365,-1.353751,0.74202657,1.3783497,-1.010327,0.7920357,-0.7025383,0.89971906,2.6554701,-1.9466097,-0.9908364,-0.43144915,2.762822,-1.2499317,1.4086543,-3.2847362,-0.1531548,4.659582,-0.49607816,0.07997157,-1.7731055,1.2153645,-1.8557576,-2.05526,-2.4259508,2.6387947,-0.24806078,-3.5109854,-0.5938096,29.980776,
TCGA-D1-A1O5-01A-11R-A14D-07,-0.75762415,-1.1100544,-3.9776282,-0.5300647,2.5285907,0.5929019,-2.3909407,-4.251414,-1.1664174,0.54918534,-0.68831736,0.8950445,1.4136187,1.5208948,0.48908952,0.7002112,-0.49163264,4.0828567,-0.35100445,1.5492254,-0.3755217,0.7181042,0.7762358,-0.7120894,-2.62356,-1.396569,-1.0429187,-2.3640366,1.1395034,1.8450354,2.1736126,3.0395024,18.875244,0.0
TCGA-B5-A11X-01A-11R-A10J-07,0.054627106,1.6064116,-0.29329827,-0.75404495,0.7252034,10.793063,4.291573,-0.092952766,-4.1760306,-6.087231,-0.5172006,-4.3952513,4.1111317,-6.3317256,1.2169794,-5.864885,0.38842422,3.9782455,-5.087279,-2.3391507,3.6232407,-1.9228516,-7.2879186,2.2789407,0.8288897,1.3175375,6.440358,-0.932299,1.7026013,0.5608375,-2.0793643,5.892195,12.46272,1.0
TCGA-EY-A2OP-01A-11R-A19W-07,-1.7127562,-0.40483955,2.1341455,0.7022702,-1.5152359,0.7072752,1.6764468,-2.4101946,-0.71520203,-1.2581416,1.4830643,1.0146142,0.96138453,-3.9191208,-0.7887918,2.3420017,0.7759193,0.8961989,0.043350928,-0.733924,1.0622586,-1.8794256,0.58491206,-2.4017062,-0.31316102,-2.8545213,-0.1635163,2.0263956,0.23633459,-2.0772803,-1.921278,-0.81122273,32.96474,
TCGA-BS-A0TJ-01A-11R-A104-07,2.3639133,-0.25929248,1.0977503,-1.4842249,-0.85862,5.0105734,-0.21068804,-0.65646833,-0.43021032,-2.212686,0.80159855,0.50964785,0.36894333,-2.0742674,0.11691268,1.6654587,-1.0985131,-0.9386059,-3.0272393,0.87194705,-2.1788344,-0.6876992,-0.8252044,-0.57690215,-2.2041593,-1.1254821,2.5864432,1.4995992,-0.61316234,1.1631888,-2.0217185,2.9781592,8.1851425,0.0
TCGA-AX-A06L-01A-11R-A118-07,0.19811302,-0.7663589,-0.12320742,-7.436649,-2.5799909,-1.923908,0.42849842,-0.805162,-4.5820465,-4.137781,-1.4996734,-2.4945667,-1.8655363,10.603133,-0.022303332,4.965587,5.1241293,5.6923923,-2.3642302,-2.5059435,-1.4648217,-2.145207,-2.111838,1.6495619,-1.7771021,-7.328116,5.8871007,-3.8251934,-2.2960389,0.007886133,5.31914,0.6010645,11.496151,0.0
TCGA-AP-A053-01A-21R-A00V-07,1.3242259,-0.7883197,1.2777727,0.18845004,1.8996123,4.347828,0.66610235,-1.1276249,1.842222,-1.7635585,0.6488513,1.9884483,-2.6239877,-3.2132282,-3.6905222,0.42509404,0.156704,2.354076,-7.851132,0.8295724,3.7438955,-7.3588243,-3.583986,0.2583557,-1.0166593,-5.5932894,-0.1182119,4.0682244,1.0639596,-2.3110974,-3.7784414,2.934787,20.131964,0.0
TCGA-EO-A3KU-01A-11R-A22K-07,2.933767,1.0062299,1.4666722,-0.8286431,-0.6984568,0.09259117,2.5416439,-3.2544715,0.5041206,-1.5805569,-0.5221531,0.08909469,1.2281278,1.3896643,-2.176193,3.1763234,0.3815827,0.13975036,-3.909345,-0.45049787,4.799538,-1.7397014,-0.5077922,-1.639231,2.171209,-2.2921035,-1.433684,-1.4535604,2.2714987,2.3704028,-3.2773223,-0.309529,30.943222,
TCGA-KJ-A3U4-01A-11R-A22K-07,2.1682522,1.2342255,2.3273969,-0.76785743,1.1452081,1.4090874,2.7874866,-3.913348,2.1306946,-2.5511699,-0.28261507,-1.0612191,2.3819208,1.6394812,-3.4164572,3.8276057,-0.13014795,0.21950528,-1.910108,-4.1599655,3.8345003,1.2924215,-0.23356521,1.1095508,-1.2437735,-2.196442,-2.5935547,0.09951825,3.5904374,0.64875007,-1.8344544,-0.651372,39.900734,
TCGA-AJ-A3OL-01A-11R-A22K-07,-0.60872227,0.51964056,0.19714592,-0.41461277,-3.5719745,-1.2386988,0.89579135,-2.6633627,-0.49737802,-2.8638537,0.5792748,0.1906623,-0.3398818,-2.8138514,-3.3917274,5.8736873,-0.005384985,-0.7222092,-0.6095321,1.0467079,0.003496391,-0.17215823,0.15614061,-5.002105,0.34235108,-3.7147448,0.027483944,-0.78061694,1.5060159,-0.14158852,-2.9670496,0.75711524,25.960821,
TCGA-2E-A9G8-01A-11R-A40A-07,2.1698658,-2.8184736,1.8531557,0.3590736,-2.0884411,0.8975947,0.64448595,-1.6788702,0.49432096,1.7213366,2.0955632,-0.07013542,1.6968508,2.3331232,-3.4584591,4.169192,-0.020278184,3.6726465,-2.2547896,-1.2131125,4.888786,0.9982524,-2.1176355,1.0925515,-0.5154031,-1.9337281,-3.5761912,-1.4124655,3.268276,-1.333267,-2.8917282,-1.280615,43.74714,
TCGA-EY-A1GL-01A-11R-A13S-07,-3.270264,-1.6501595,-1.5210468,4.0009995,2.7856092,2.9928741,1.0179714,-0.5753848,-1.8392106,-6.1042323,5.3596716,-1.6395173,5.6802115,0.49023926,3.6060207,1.5820395,1.9532344,1.5235207,2.5202985,-4.3911114,1.7376897,2.427288,-6.6628127,-1.9050976,-1.5012845,-4.083818,2.4602485,5.158797,-2.2649016,-0.23788878,-6.159543,3.3053284,12.42226,0.0
TCGA-B5-A0K6-01A-11R-A040-07,-2.513896,-3.5063417,-1.1117463,0.068257935,-0.9268113,-0.27531978,-2.4776018,1.8358384,0.37978137,-0.4514083,-2.2071655,3.6784682,0.6165559,-0.44777915,0.44924217,2.8199515,0.9831632,1.7877337,2.1852934,-2.5513089,-0.9462851,1.4411843,-3.3597052,0.75227714,1.5407377,-1.6032034,2.4039693,1.2215176,0.703983,-0.8793585,2.6621866,-1.4953516,7.800546,0.0
TCGA-BG-A3EW-01A-11R-A22K-07,0.37914464,0.8587486,0.419745,0.39023808,-1.0582614,-0.36977822,0.20615467,-4.651887,-0.092903584,-3.7314827,0.8793218,-0.22910325,-0.3025214,-2.7712135,-2.0362883,2.7501402,-0.6695981,-2.483051,-1.4671313,-2.715199,3.0122688,-0.23375817,0.5582743,-3.9194636,0.083466575,-3.1584384,-1.1540833,1.3573211,-0.16883259,-0.71151835,-1.2707171,-1.0171195,20.22889,
TCGA-BS-A0UF-01A-11R-A104-07,-2.985835,-0.17727861,-2.4260707,-6.5519595,0.35959697,3.4095407,0.036584314,-1.9887782,-1.6266901,-6.8833427,-2.3713093,3.298358,-1.8812572,-1.9707885,1.4917018,2.1597981,-1.5382049,1.0619445,-1.8230958,2.3741992,-1.1430769,-0.13436164,0.96924704,-1.8280708,-1.6739756,0.0005881152,0.69028467,-2.9532,6.8409414,-2.5834608,2.5050483,1.7565521,12.261592,0.0
TCGA-EC-A24G-01A-11R-A16F-07,-1.0360482,0.24994093,0.23595238,0.099380314,-0.6066364,2.0833914,-0.92683935,-0.7880735,0.30921516,-2.9036531,-1.843445,0.3212078,0.59986055,0.8353553,-1.5673782,-0.09345605,0.24785712,-0.624147,-1.3458927,-1.0106932,0.61006755,1.1611621,-1.3090732,-0.853453,-2.2292688,0.93596876,1.7879813,0.91773313,-0.5240907,2.020729,-0.87782556,-1.1087664,10.838483,
TCGA-AP-A0L9-01A-11R-A040-07,2.883623,-1.6488522,4.690127,-4.6364517,0.87434477,2.8980484,-1.8944063,2.4903967,1.1204668,1.4651495,2.7488432,3.0866497,0.010152552,-0.40785816,-3.8430567,5.524164,-4.246455,3.8817532,-2.382275,-1.4392506,1.0366786,-1.4823818,-1.442992,0.7288989,-0.2954782,-1.0596795,-2.324872,0.4605467,2.241859,-0.8466992,-2.2350152,4.7504797,20.839252,0.0
TCGA-A5-A0G3-01A-11R-A040-07,-0.84788036,-8.713586,4.047779,-4.6744037,-2.965521,2.9658322,-2.6276636,3.8349736,2.8912287,-4.6847076,-4.2674365,5.2808466,1.6810614,-0.35917136,-2.186947,9.737097,-1.9375867,4.322293,-0.7834539,-10.089617,10.808392,-3.114359,2.240645,-4.2579827,6.318442,-2.24965,5.0940375,-4.9413953,4.5639563,4.5241923,5.703227,5.3680563,13.685803,1.0
TCGA-D1-A3JQ-01A-11R-A22K-07,2.2692227,-0.3719036,1.3001091,-0.7014362,-2.5330286,-0.45327404,1.2222252,-0.9580538,0.07347141,-1.4340008,2.305909,0.95008445,0.30158076,3.4856899,-2.7201939,4.5727706,-0.08406653,0.81167203,-2.870332,-0.6151767,3.911783,2.056275,-0.71844035,-1.0707355,1.068916,-0.69402575,-1.7323949,-2.5762858,2.4894874,2.21884,-1.8015318,0.19294438,19.956438,
TCGA-D1-A17C-01A-11R-A12I-07,-4.004412,-5.0112157,-2.8845768,0.40107104,-1.583239,4.689917,-2.542699,1.2352176,-1.7156222,-5.2534447,-1.4564503,5.036877,0.28322282,0.5349037,1.3304977,0.6505197,1.64669,-0.14847906,1.8103946,-3.0945907,1.1323395,-2.1542385,-3.1249626,0.40550345,0.94304645,1.6169109,4.6632724,0.7978383,-0.59897393,1.0219336,1.2189988,2.5616124,4.080751,0.0
TCGA-EY-A1GP-01A-11R-A13S-07,0.6808375,-0.20024589,-4.9338675,-1.2672402,2.0195835,-3.6004586,2.820037,-0.32910308,-3.65551,-5.6014466,1.2239691,-2.0687537,1.5504336,-2.1099226,-2.745912,7.890041,2.2281945,0.12854865,-0.82854843,-3.6543064,2.7823186,-1.5294967,-2.400996,-5.1274815,4.0075197,-0.17909053,3.0462556,1.5019361,1.0294151,-0.7742162,-2.2806616,3.7863278,15.44268,0.0
TCGA-AX-A062-01A-11R-A00V-07,2.0008922,1.9761046,-2.9915104,2.8694763,-0.2587632,1.115781,3.6902118,-2.5815835,0.34174165,-1.2076002,2.8982165,-3.0037405,1.1610848,1.6207243,-1.3452245,-1.0273738,0.8726126,4.0289264,-0.14569582,1.4853394,-0.45053667,-2.6567192,-2.618244,-0.3553019,-0.737343,-5.583746,1.9124609,-2.9758742,-4.478439,-0.9509526,-3.9459562,0.21853313,12.36749,0.0
TCGA-D1-A0ZP-01A-21R-A10J-07,3.3292582,-1.8231657,0.651165,-3.121204,1.8251314,1.7688174,0.88198036,-4.4665184,0.8112236,-6.1787486,1.60877,5.79319,1.360296,0.16066805,-2.778101,0.9392593,0.56157374,0.8722225,-4.0460005,-2.01169,5.9081707,-4.3603973,-0.5116066,-1.7036641,2.9168577,-0.93997234,1.5291613,-0.861787,-3.7570927,1.3454221,-1.4341129,-0.33663842,20.964851,1.0
TCGA-D1-A168-01A-31R-A12I-07,-4.547027,-10.39817,-1.4863863,3.5599298,-1.113842,11.11023,-4.10145,-2.8911726,-0.19806622,-6.148309,2.3718271,4.6398654,4.029762,-1.9002057,3.8815622,4.5919523,0.8469492,-1.8714032,2.411761,-6.379382,-0.75774133,-4.268207,-2.5268822,1.4300463,-3.900564,-1.793932,5.0215516,5.5300417,-2.6385126,-0.5145887,-1.7103888,6.9188013,11.3785715,0.0
TCGA-AJ-A5DW-01A-11R-A27V-07,-2.0795004,1.7098483,0.18399696,-2.2034323,0.55808675,0.6430358,2.150846,-3.5575273,-0.076336905,-1.9025308,0.32890403,0.5124922,0.74062043,-1.0824713,1.0036982,-0.32480067,-0.4263036,0.6946183,-1.6148278,2.2324975,1.2757531,-1.7944925,0.25557673,-3.1294284,-4.1313586,-1.3634752,-0.6134436,0.4801706,1.4126191,-0.17546503,-2.0570407,-0.8801748,18.138968,
TCGA-AP-A1DK-01A-11R-A137-07,1.6293381,2.9128013,-2.3671799,-2.913652,-3.357148,1.8204395,1.8355687,0.68746495,-1.9283841,-2.1359727,2.4307165,-2.2336519,-1.195233,1.8179774,-1.7697307,5.5873713,0.033055183,4.1935873,-3.4209797,1.1515082,-5.0257063,2.1635401,-1.3645325,-1.4275721,0.22951148,-1.9244978,2.1477556,-4.7818117,0.031151446,-0.24238686,4.9249773,4.463247,14.167732,0.0
TCGA-A5-A1OK-01A-11R-A14M-07,-0.91657937,1.1435103,1.2952989,-0.4591512,-0.96997327,-0.05348171,-1.4765145,-1.454364,1.024387,-1.9877498,-1.4742112,-0.81561637,-1.38134,0.5881295,-2.458808,1.5006851,0.45723066,-1.3026851,0.78282857,-3.3068516,1.4650304,0.6432314,0.011848669,-2.1653256,-1.4497647,-0.45469588,3.3972583,1.0797658,1.5404712,1.2353344,-0.037966993,1.6205441,6.4351416,0.0
TCGA-AP-A0LD-01A-11R-A040-07,0.13580519,-4.643104,-3.2084134,-0.28731722,-2.7409382,0.84844214,-3.3540902,4.7543135,0.36965787,2.68484,-1.0928401,1.2796288,3.2538183,-3.7797134,-1.9307749,6.697269,1.5332901,1.4114225,-0.010404358,1.1129696,-3.095123,-3.250032,-5.2656136,0.06359739,2.9718688,-5.4640226,1.4674946,-0.04385477,-3.9551663,-0.6829334,0.7558962,4.053327,13.47324,0.0
TCGA-D1-A176-01A-11R-A12I-07,-3.0801735,-1.8523252,-0.5878394,-0.7884135,0.791427,0.82764596,-2.9633477,-1.6834272,0.49468556,-1.5611333,-2.0333338,3.0768173,-0.5708392,-2.9798796,-1.667795,1.1647424,-0.85862654,0.3874205,0.73449004,-2.7880492,-0.09165634,1.4764769,0.25464386,-1.1000487,-0.86544377,-1.9448973,3.0483265,1.0197558,1.9449492,-0.10276513,1.6374639,-2.4024012,5.081806,0.0
TCGA-BS-A0VI-01A-11R-A14D-07,-1.7000967,-3.7702723,-2.3918855,3.6114652,-0.62366796,-1.2374353,0.8334735,4.9960575,0.6235013,-0.6220463,-1.3083801,-0.8743889,3.3638067,2.933358,1.465221,0.25362605,-0.7173076,0.78799105,-0.20036091,-2.7492619,-2.7357655,-2.189438,-5.4192896,-0.054644298,0.99212414,-6.566275,3.5683453,5.3233232,-2.3775032,0.5754702,-0.52460927,1.8552102,12.700528,0.0
TCGA-B5-A0JT-01A-21R-A118-07,-0.42655092,0.12329744,1.3734548,-1.2445377,1.2275358,0.01153975,-0.40190274,-2.2051961,1.4250102,-1.8748924,-0.94036895,0.7046323,1.9428132,-0.20566571,-2.5063753,-0.52104545,-0.18224663,-0.42038038,-0.55061275,-1.7882403,1.4555591,-0.38634777,0.3838411,-1.3679502,-1.5417545,-0.054586004,-0.37941086,0.47239682,0.15159675,0.5694976,-1.5796806,-0.02323821,12.200565,0.0
TCGA-FI-A3PV-01A-11R-A22K-07,0.7569489,-1.6315435,-1.2773063,-0.707707,0.3224507,0.83404285,0.5948532,-1.9883687,1.1026618,1.9253774,0.41974854,1.3468622,0.48979902,-0.53655785,-0.45018068,3.3356097,-3.0359216,2.6889944,-3.0857267,0.99242556,4.2204113,-0.28516757,-1.4360955,-2.360958,0.34616727,-2.7498026,-0.75706387,-1.194555,1.8507435,4.069257,-2.59035,-2.083658,27.539272,
TCGA-AX-A2HH-01A-11R-A32Y-07,2.1058226,-3.7971463,-0.6096657,2.750064,-1.0019706,-1.6494313,0.32036898,-4.7414575,-0.6467817,-6.162756,6.5275383,-3.6255395,0.090389736,-3.9511957,0.465854,2.4841099,-1.5284358,-0.50679296,-0.89092666,-2.96646,0.6975278,0.44021356,-1.099688,-7.0083933,-1.0531379,-4.381129,-0.19176486,-2.5561123,0.45132557,-3.3104293,-5.4243546,2.9586847,16.155567,0.0
TCGA-B5-A11I-01A-11R-A10J-07,0.7034974,-0.928501,2.7484155,-0.9847057,2.0779095,1.5555389,4.356933,-2.3330243,0.7846338,-3.3822975,-1.2594193,3.9817545,-0.82142717,-0.24959484,-2.0073,1.0434712,1.918963,-0.98718286,-3.6639013,-3.5254018,5.565211,-1.0415878,-1.2859895,2.761746,-0.4031005,-1.9321126,-2.1374187,-1.2614565,3.5498292,-0.47127232,2.6927752,0.9432957,16.340424,1.0
TCGA-EO-A22T-01A-21R-A18M-07,1.1872373,1.8590633,0.19927092,-3.314369,-0.77713215,3.7562418,1.3500378,-2.9581964,0.027315507,-3.1376324,0.19836533,1.2466822,2.6190958,-2.4710248,-2.9142945,1.3340262,0.34076354,-1.4206522,-3.9419284,-1.674637,-0.79123867,-1.195928,0.3070492,0.5494119,-0.19359598,-1.4392817,1.9415166,-0.7262828,-0.35801256,2.614995,-0.5157303,-1.3541476,19.536982,
TCGA-BK-A13C-01A-11R-A118-07,-0.6400543,1.1322752,4.3154397,-1.1371,-0.040207535,0.64181226,-4.94429,-3.2127428,1.984846,-1.2098142,-3.4008896,-2.1198545,0.31028542,-1.4339728,-3.7082999,2.2979114,-0.23096724,-0.8871433,0.9843913,-4.020458,1.9953341,2.9148865,-1.4723158,-1.2711582,-1.8253348,-2.5882874,6.6912713,1.9091182,6.4577246,2.438654,-3.854249,0.6887616,15.788074,0.0
TCGA-B5-A0K1-01A-11R-A16W-07,-0.74124557,-2.3325746,1.5211518,-0.54458547,-0.94408906,0.33216134,-2.4146683,-2.9917538,0.24145122,-0.4762549,1.0419592,0.8933484,0.8362886,-0.4201043,-3.0987208,0.1401925,0.12992278,2.0595493,-2.1209588,0.90099496,1.8927091,0.19241492,-0.22154725,-0.758607,-2.7171106,-1.8262712,0.3595331,-0.47509876,-1.0723215,1.5460323,-0.19879487,-0.75715834,7.5055833,0.0
TCGA-D1-A165-01A-11R-A12I-07,-2.315336,-0.4692007,0.13699505,-1.5290052,0.08055548,0.5579845,-2.5969028,-0.8238654,0.69074816,-0.11268514,-1.7274264,0.7938021,0.7745687,0.25595,-0.6303014,0.044132926,1.690685,0.32208696,-0.30949846,0.34863,2.0509698,-1.2321534,0.35351142,-0.5169897,-2.0304856,-0.91835326,3.0662897,0.57161146,0.29206446,0.29319963,-2.7679744,-1.1665035,7.9504304,0.0
TCGA-B5-A0JZ-01A-11R-A040-07,-0.9642703,0.0044274703,-2.3693204,-0.85968226,-2.6617033,2.0256398,1.457367,0.007321028,-1.58798,-1.3027635,-0.7926798,-0.33473125,-0.06864305,-0.77741426,-0.52305466,1.9097248,-1.8840337,2.2873309,-1.8778217,-1.6305207,-2.9297035,1.2747353,-0.5454685,-1.5158638,-0.4916454,-0.15972532,1.3503475,-2.2281182,1.233689,-0.66879714,3.7786486,-1.4766673,5.4554787,1.0
TCGA-D1-A16N-01A-11R-A12I-07,-3.3191423,-2.9156647,2.4868946,-1.683885,1.5935973,4.379996,-1.2098731,-2.35542,0.98377424,-5.2153664,-3.4505455,5.9313784,-0.23089464,-3.6412091,-1.9112991,4.8228106,0.19057046,2.7799706,1.3487943,-3.3706324,1.9104384,-6.4814315,-0.60232747,0.671698,-3.0753427,-1.3779213,1.8068247,2.3968124,3.8734303,-1.5688639,-0.06402574,3.0264814,15.492082,0.0
TCGA-D1-A2G7-01A-21R-A180-07,1.7085034,-0.75232834,-1.3307295,-0.9626684,0.099774234,0.013938479,0.48825726,-2.7019997,0.9070917,0.08460093,0.840392,2.0264077,-1.3131764,1.6753296,-1.8564255,0.37405413,-1.0423156,0.8810229,-2.843301,0.10454877,2.6733146,-1.9114612,0.435511,-1.0879968,0.01334769,-1.9626205,-0.24991086,-2.5487282,-0.7063366,1.8867679,-0.9512908,1.7925063,31.98194,
TCGA-AX-A0J0-01A-11R-A109-07,0.36423066,0.65960425,2.0441835,-3.9587026,-0.939035,1.5647444,0.54368204,-4.3953676,0.2778966,-2.2221725,0.019214218,1.6390457,0.2859759,-2.8820493,1.5676265,0.28278965,0.4117406,2.374939,-3.7920187,3.3096094,0.13532703,-2.998405,-0.7649242,-4.06336,-1.4068183,-0.9627389,0.120836504,-2.0891383,0.7277098,-2.5624187,-1.3165365,0.9328557,17.569649,0.0
TCGA-D1-A162-01A-11R-A118-07,-2.5102634,0.7937213,-0.14078565,-0.5816497,0.6005565,0.80997634,-0.5824894,-3.863024,0.92764896,-1.4309549,-2.373364,1.3839599,-1.1768674,-1.7585019,-2.2687223,0.96983427,-0.4402103,0.7453492,-0.027034745,-0.848975,1.5508995,0.20107694,0.19142613,-2.3432171,-2.3405738,-0.3915212,1.0329889,0.089079514,1.2139741,1.874445,2.623157,0.28911206,12.09795,0.0
TCGA-B5-A11G-01A-13R-A118-07,-3.517889,-4.3660917,-3.9008834,-0.38874546,-0.23811845,1.6144714,-0.75354975,-0.013605404,-0.22423841,2.9398916,-1.9055382,-0.13860512,1.6976259,1.690109,-1.0969605,0.39005274,-0.30222526,4.973375,0.24540336,0.05406936,-0.6287534,-0.43035668,-3.0028203,1.3090148,-1.2034523,-1.595547,0.610967,-0.95936716,0.086342596,0.4626864,3.3072429,0.09395781,27.66015,
TCGA-KP-A3W1-01A-11R-A22K-07,-2.0589879,-1.5711251,-4.785192,-1.9373078,3.1756723,4.2612567,1.2799684,-0.6554487,-1.7178384,0.46470666,5.101979,0.9641949,4.771247,1.3390963,-0.22484347,0.809327,-2.3005354,-0.9339429,-2.6917193,-2.6965697,1.2831658,-1.8819904,-4.7635694,2.6086218,0.8091899,-0.23202772,-0.60747266,3.5949244,2.4306264,1.3401309,0.62038326,-1.4946718,23.189322,
TCGA-DI-A2QY-01A-12R-A19W-07,-0.87034154,-2.0523102,-3.7242022,0.9613941,-1.1486493,0.13133979,-0.7860495,2.3889062,-0.3775865,2.122433,2.1536682,3.287595,-0.18821019,2.2193542,-0.2808042,4.1020875,-0.16473542,3.9065232,-2.3735952,1.1849171,3.6422668,-1.2348322,-3.6192508,-2.175582,2.5419014,-2.0109696,-2.7403615,-0.14217372,0.7386677,1.9216046,-1.170839,2.0160477,28.81644,
TCGA-BG-A0MK-01A-51R-A19W-07,-2.8061385,-1.4264365,-1.0976207,-1.3031191,-0.63288385,1.4732225,-2.4807465,-1.0918833,-2.092292,-2.659979,-1.5854518,-0.016542882,2.6864905,2.0212135,-3.4273844,3.8098066,0.098247856,0.85924137,0.43936446,-1.8430973,1.3240396,4.160722,-2.4268458,-1.531583,-2.1366239,0.8646773,0.7605203,0.5890823,0.9292027,3.3781066,-1.8899125,0.33960643,17.882275,
TCGA-DI-A0WH-01A-12R-A12I-07,-1.1481035,-3.2584808,-2.0971863,-0.9866631,-2.385282,-1.175222,0.16648509,1.7028992,-0.55984336,1.2497827,0.057790503,1.8912134,1.3943188,-0.4397173,0.43092206,3.0752091,-0.787662,3.8416412,0.8553249,-0.38203385,-0.25839752,-1.0686315,-0.76974577,-0.67992175,1.2679878,-1.7503152,2.2047045,-3.503795,1.8434513,-1.9457723,-0.72206146,1.5946352,51.412804,
TCGA-EY-A548-01A-11R-A27V-07,-1.7674892,-0.7374373,-1.6789925,0.5017587,-0.6361944,0.80423915,0.8369356,0.40100214,-0.51260465,0.43947595,-2.4699569,0.15489344,0.8169528,0.37954503,0.23070791,0.8311241,-0.66930026,1.4377068,-0.10765081,0.91557884,1.8854723,1.7952071,-0.69298816,-2.1109552,-0.7282678,-1.1858321,-1.224394,-1.1120603,2.939614,-0.9444043,-3.0946183,-2.337794,21.294048,
TCGA-A5-A0R8-01A-11R-A104-07,-0.42091286,-3.0178778,-0.426278,-0.3116812,-0.7773893,2.440192,-2.7139475,1.09011,0.29244578,-0.12675582,0.5182131,-1.2455701,3.2082727,2.708065,-3.137103,1.4202464,2.356233,1.8770782,-1.1793395,-0.71513844,0.08742251,2.0341969,-4.7199607,3.5192292,-0.7665747,-0.48207492,-0.30704564,1.2417195,-0.8996351,2.1857939,1.2502164,1.5807059,8.079724,1.0
TCGA-DF-A2KN-01A-11R-A180-07,0.14988329,0.74975026,-0.71382964,-2.302502,-0.9155718,2.8177004,0.0994741,-1.5235193,-1.3176298,-1.9711937,1.5779933,0.53407913,1.9115627,-1.3664469,-1.4185117,3.0496645,0.2089962,-2.1337774,-2.409466,-0.34249964,-0.091724396,1.8493245,-1.077721,-0.46484646,-0.3777628,-0.7355013,-0.6352867,1.3858907,0.85509026,0.96371853,0.54774475,-1.9209847,17.235,
TCGA-BK-A0CA-01A-21R-A277-07,-2.1284442,0.8865411,3.0351088,-1.8847934,-2.0978394,-0.954445,2.3424966,-3.7952127,-0.6085886,-6.279489,2.6458118,3.1701944,2.4304588,1.7679888,-7.6712203,0.10416659,-3.1272376,-2.331513,-3.3892798,-2.005307,3.4953043,1.5990442,1.0566956,-2.2879407,-9.208027,-0.897531,-1.8285992,-1.2471992,-1.2402924,2.3735068,-2.1778667,-1.9689614,7.401341,0.0
TCGA-BK-A0CA-01A-21R-A118-07,-0.6021724,-1.3453375,2.035461,-1.3707501,-1.5718155,-0.042277183,-1.2397587,-2.5670092,0.10361018,-2.6852636,1.453295,0.9906074,2.3559353,-0.2727253,-5.2439947,0.49880528,-0.08925969,0.06625316,-2.7280688,-0.61684656,1.8481262,1.7960831,-0.06706451,0.4753182,-3.8116195,-0.1668001,-0.44909814,-1.1407765,-0.64281094,2.4658308,0.015776742,-0.8551058,3.881973,0.0
TCGA-EY-A1H0-01A-11R-A13S-07,-2.8087611,-2.1320195,-0.30394742,-1.7210463,-1.9009571,0.008133607,-2.292132,-1.9282987,0.6574535,1.752684,0.87087077,-1.6896708,4.4335847,-0.761098,-5.3511124,-0.09665747,2.4853659,3.4774437,-1.3613595,1.0419955,0.3554353,-0.25404638,-1.2805749,1.3752732,-1.5680858,-2.0456066,1.2298738,0.19167234,-0.87311596,-2.2482388,-4.3508706,-0.9871765,11.15689,1.0
TCGA-BG-A0M2-01A-11R-A104-07,-3.8220026,-1.385948,-2.702438,-0.8692269,1.6364461,-0.12556832,-0.96631557,-4.082946,-1.1113899,-0.100626186,-2.9844468,-2.1276584,0.904281,3.0004606,-1.7340919,-0.018947225,-0.35051763,1.9695789,-1.9876481,0.68597907,0.2894857,-0.76722187,-0.96317,0.38278106,-3.0507503,-1.6516898,0.5746685,1.4567866,0.422977,-1.9357415,-1.2909707,0.3181339,17.401484,0.0
TCGA-BG-A220-01A-11R-A157-07,1.7692388,1.3236628,1.2809212,0.5964122,-0.6458151,0.53396827,-0.10263954,-1.556043,0.47658175,-1.4131273,2.6135976,1.0185356,1.4713969,-1.7690531,-0.42547667,1.8952243,0.5739859,0.49199176,-1.28455,-0.5240831,-0.3666615,-1.102932,1.1322463,-1.9441521,-1.482509,-4.607017,-0.03244743,0.12360156,-0.184994,-2.2463803,-3.016372,1.2280539,7.3962703,0.0
TCGA-EY-A1GQ-01A-21R-A13S-07,-1.6416653,-0.1764858,-3.1244965,1.0830907,-3.5354075,1.3870552,2.4613054,1.5985833,1.43183,2.8599026,-4.7130904,-0.72268385,2.0683897,-0.06982447,0.22374983,1.6657746,-1.4876094,0.3586825,-1.1417248,-3.0970056,-2.0642676,-2.9063966,-0.1274908,-4.1743546,-1.0853648,-3.1376817,2.7963853,1.5979946,-0.6441368,2.351095,1.6521637,3.2454977,13.352204,1.0
TCGA-EY-A1GD-01A-11R-A13S-07,-0.3374213,2.0710764,2.7918766,1.2901251,1.549393,-0.11667692,-0.7722371,-2.3070312,1.4892241,-6.1612244,-0.3673722,-2.540646,0.34589365,-1.1451429,0.5477275,1.682508,1.5544268,2.8771486,0.23066784,-3.133621,2.650268,1.3493686,-2.5808196,-1.1679362,-1.343379,-2.4488308,4.7103586,2.1895766,0.80413646,-1.5091136,-3.5659275,-0.93647933,16.736773,0.0
TCGA-D1-A1NS-01A-11R-A14D-07,-1.2464501,-2.211468,-1.0099033,0.11716569,-0.057405055,1.3135586,-2.352385,-2.4649727,-0.9671785,-0.23455848,1.0463984,1.2425611,1.5492604,1.1221884,-1.1191559,0.61224717,0.033365928,1.7515914,-0.8398209,-0.6062547,-0.37767512,1.2217144,-0.9272827,0.22652021,-2.5954318,-1.5242155,-0.3499698,0.06907654,-1.0790298,1.4160987,0.3664868,-0.5641293,3.372516,0.0
TCGA-D1-A17T-01A-11R-A12I-07,-0.37868357,-3.1941528,-0.8552257,-1.5723513,-0.29466563,-1.5528668,-2.506164,-0.6201285,0.4792524,-0.78469056,1.4678041,1.3532572,1.3697889,-0.5984635,-0.07953179,-0.051774424,1.8354071,2.61937,-0.23784795,-1.1016427,0.11999502,-0.24191542,-0.32711634,0.37019634,0.17674294,-0.6079982,0.6402214,-1.0370861,-0.012009915,-0.13419199,0.74429923,-0.41615412,5.5493255,0.0
TCGA-AP-A056-01A-11R-A00V-07,3.2126281,-0.1916446,2.2478592,-0.51023346,0.95282656,8.807293,-0.29640856,0.0013656458,1.3768189,-2.6176648,0.3569802,0.44425237,2.4533515,-2.574779,0.26328743,0.26522976,0.81931496,-2.3732479,-3.1421888,0.6707278,1.1474134,0.12116832,-4.033751,1.3295765,-0.5700112,-0.3617006,1.4213548,2.9789987,-2.4864888,0.16567889,-1.4224144,1.1432922,17.579426,0.0
TCGA-AP-A1E0-01A-11R-A137-07,0.25028223,1.4555975,0.3495857,-0.68194944,-1.2312828,1.3362594,0.30929565,-1.1900785,-0.017023148,-0.7114873,-0.14442341,0.10368805,1.8266004,-1.1973093,0.71791315,-0.23833875,2.9111888,0.83540887,-3.1144104,2.099642,-0.07430797,-4.102694,-1.2846735,-0.986534,-1.4979727,-0.88001144,2.1087434,0.52299374,-1.217736,-1.0396411,-2.5886269,-0.8017436,13.293652,0.0
TCGA-A5-A0GE-01A-11R-A16W-07,-1.3038882,-1.7670536,-1.1271647,-0.27148488,-2.453369,0.7741228,-2.2151616,1.0765296,0.63298655,1.5577658,-1.6862532,-1.2978507,2.2633233,0.0042419108,-1.0135919,0.44254565,3.2736084,-0.0057595447,-2.198121,0.90497285,0.22262189,-1.6962556,-1.474638,0.90562165,-1.6759902,-0.47262275,1.5711983,-1.6562064,0.93121886,1.9501104,-2.3203733,-0.054437943,5.6207843,0.0
TCGA-BK-A26L-01A-11R-A16F-07,1.2402465,-0.12920934,0.66785586,-1.2781571,1.6749318,2.13833,0.629434,-0.557764,-0.19231702,-4.743211,1.7070051,4.204434,-0.26914814,1.4001256,-0.9748937,2.3005278,-0.099981345,-1.0830618,-2.71481,-1.7628493,4.6697717,-4.839023,-1.2744807,-1.9470205,0.2530131,-0.6436212,1.7297707,0.40267628,-1.9624358,1.9373688,-0.9777824,2.4640388,13.00329,0.0
TCGA-D1-A16E-01A-22R-A12I-07,-0.15526903,-1.9232532,2.0777595,-0.31905684,-0.14907533,2.1851728,-3.0963926,-0.843847,0.71015143,-4.422158,0.10600367,2.8007114,1.6197282,-0.53890836,-3.0190973,0.6522449,0.66252947,-0.97766256,-1.6705788,-2.3951545,2.2066867,2.3558102,-1.3655891,0.66789824,-2.4522107,-0.6975721,0.11656637,1.7880329,-0.9509697,3.2449322,1.4986115,-0.58789915,5.7678795,0.0
TCGA-EY-A1GI-01A-11R-A13S-07,-0.44319797,3.7415376,2.0057156,0.85166574,-0.17971006,-0.56494504,0.6423927,-2.1195478,0.88284314,-2.513267,-0.4337581,-1.1493986,1.95155,0.5428009,0.24883012,-1.5529224,0.6120925,-0.8671688,-1.8977528,0.32699075,0.8118494,-2.3256552,-0.17424516,-1.5064604,-3.0482588,-0.7739535,-0.17437457,-1.3108401,1.0592675,0.42939904,-2.5622208,-2.2837207,11.343323,0.0
TCGA-AP-A1DO-01A-11R-A137-07,2.1925142,-2.241928,-3.3766413,4.088257,1.1538904,-0.7209571,-2.5395205,-2.1763675,2.6201775,0.83138907,-2.8807747,-1.3356854,4.3421183,-5.0139747,-1.8767408,1.2293528,0.15559031,0.51796037,-4.1570673,-2.342328,-3.957318,0.529683,-3.0956914,-1.1979018,0.769972,-9.3478365,4.2509403,-1.8930427,2.2561557,-0.49776238,-2.4870796,-5.4788685,18.038473,0.0
TCGA-SL-A6J9-01A-11R-A31O-07,1.177908,-1.5369469,0.676222,-0.3723076,1.9416084,3.4303596,1.4283054,1.4460939,-1.742407,0.5071658,-1.9002512,1.8965536,1.9925458,-1.5519731,1.0658519,4.186738,0.08777279,1.3412081,-2.1505125,-2.4742386,4.198978,1.9150754,-5.495215,0.6699121,1.8624985,-2.54203,-4.0595417,0.1480354,4.8163095,-0.47007003,3.182113,-0.60376775,29.524683,
TCGA-BK-A6W4-01A-12R-A34R-07,-2.1969805,1.1681969,-2.041088,-0.136772,-2.762613,1.0070002,1.7116001,-1.2366924,-1.1893423,-3.5510955,-0.2650642,1.4986935,0.53423226,1.5712677,0.10751674,2.7427342,1.8066399,-1.6049781,-1.8439617,-2.3749576,2.0308428,0.0878348,1.4208785,-4.0437913,-0.88431007,0.56974936,1.133282,-0.93387693,1.3189523,4.2165937,-2.4443607,0.12513714,14.752453,
TCGA-B5-A1N2-01A-21R-A144-07,2.5592241,-0.43955627,-0.6713879,-2.1167576,-0.16243464,0.0017280236,1.9337844,-1.2760352,0.10723252,-1.00052,0.6121503,3.3567252,-1.214385,2.5267513,-1.7858036,3.9531116,-0.37353334,2.9423156,-2.9295053,-2.1637735,3.4208848,-3.4427307,0.56252974,-0.16511586,1.1860462,-1.6547463,1.19603,-3.6508436,1.245782,1.837047,0.37650657,2.509193,28.78106,
TCGA-A5-A0GJ-01A-11R-A040-07,-3.6352081,-5.857617,-5.6145554,1.2095021,-3.4142954,1.5397463,-1.1086959,2.901519,0.24409252,1.3269278,-3.507523,3.3701448,-1.9630557,1.8573831,-0.2227426,6.938437,-1.4687493,6.502816,3.287976,-5.0894485,-0.42004997,-0.4724011,-6.6068068,1.1197469,-2.0285053,-1.1834487,2.9738512,1.8341961,3.5383894,-1.3816283,2.3149443,1.7012662,15.8658695,1.0
TCGA-AP-A1DV-01A-21R-A137-07,2.1602097,-0.10779491,0.26637903,-0.844014,-0.95887846,2.082574,-0.41695008,-2.747308,0.14696486,0.19131516,-0.005891938,0.5334332,0.82183945,-0.22056681,-0.19123995,0.88595444,-0.28268945,1.3074865,-3.264359,-0.08881131,-1.0946764,2.619986,-1.1376911,-1.086253,-0.24527244,-3.1348522,0.23715836,-2.1554286,-1.264923,-0.07349037,-2.1242354,-1.9281467,11.573147,0.0
TCGA-AJ-A5DV-01A-11R-A27V-07,-1.699146,0.5182685,-0.013024455,-0.76157117,-0.6242982,0.21096581,0.9381193,-2.428356,-0.9543508,-1.4692128,0.9434257,-0.8770966,2.3431063,0.49768525,-2.6479826,-0.08117339,0.2280159,0.26830718,-0.9410398,-0.58096766,1.9241818,1.4703593,-1.0738047,-0.5839406,-2.9031982,-0.71171564,-2.3958213,1.3471472,0.56471765,1.0836295,-1.3632808,-2.2435234,9.572507,
TCGA-A5-A1OF-01A-11R-A14D-07,0.320616,-3.6478307,2.154679,-5.5596914,0.25109553,1.4659952,-2.4416537,-0.8892178,0.46746787,-5.5630627,-0.5839238,-1.3203312,4.948208,-2.3573534,-0.12887256,-0.88008654,-2.3686552,-1.023084,-3.7651737,-5.810672,0.022698484,-0.010109994,-1.2714999,1.8899426,-1.5297459,-2.5716462,1.1706123,0.79149586,6.334692,1.713726,4.5319943,-1.0267597,14.001844,0.0
TCGA-SL-A6JA-01A-11R-A31O-07,-0.48592508,-2.3690696,-0.880034,2.8133907,-2.046231,2.0947642,-0.81947607,-0.711129,-1.1782254,-0.24001361,-1.4628469,1.5689955,1.2893401,-1.1813301,0.6252895,4.1821246,-0.95051247,2.1798964,-0.9361465,-4.174124,-0.23958601,4.9946074,-2.1389968,-3.932151,1.8004167,-5.19952,0.026025608,0.82057184,1.6543351,-0.962043,-1.9722286,-3.4590023,36.17731,
TCGA-A5-A0GB-01A-11R-A040-07,0.99847347,-1.7487879,1.9723969,3.1631494,-1.0206589,3.5447512,-0.21475863,-2.0506659,2.4372828,0.18712856,-2.0019574,-1.7853673,1.0899936,-6.0547404,0.11979189,-1.2394936,-1.3488002,0.5140034,-2.6727667,-0.2528198,-0.37106603,-3.5168657,-3.8269386,-1.4055955,-6.6645412,-2.3238833,1.4979609,3.0891442,1.7224882,0.29764122,-1.2761414,-0.15393656,11.102281,0.0
TCGA-EY-A547-01A-11R-A27V-07,-1.5049924,-4.8125367,1.1970049,-0.056479923,0.24377072,2.6340158,-0.8212155,5.329269,-2.8696494,3.3467948,-5.132297,1.246265,1.7489333,0.27193385,0.5703199,7.631789,0.96191037,3.8320847,-2.210928,2.043772,2.9454513,-1.8011503,-9.185347,-1.8271345,1.3859872,-5.0356245,0.12865308,0.24482922,2.0471852,-0.30210745,-2.0066237,1.5944747,61.80239,
TCGA-EO-A3B0-01A-12R-A19W-07,0.5812624,0.23573814,0.77025753,-3.807392,-2.5682526,3.0575373,1.6196514,-2.2450871,-3.1136582,-1.3196377,-0.111117266,0.04797134,0.5888817,-2.806911,0.8456244,2.9605806,-0.14404175,0.29663408,-3.1386635,-0.019696586,-0.82468134,-0.13062063,-1.4268694,-2.8919575,-0.81733906,0.17743024,-0.33104026,-0.45464444,1.1740507,-0.260335,-1.0894175,-0.9130696,27.738869,
TCGA-AJ-A23M-01A-11R-A157-07,1.3794023,-0.366615,2.4806259,-0.67551947,0.44676483,1.8592669,0.65202004,-0.91495085,1.9552728,-2.9880989,0.4440155,2.3037794,-1.5638044,1.7504717,-2.2759395,3.866361,-2.2329009,0.380188,-2.7402556,-2.0846736,4.8272185,-3.2758634,0.77201366,-0.38207266,-0.48382318,-1.6047664,1.9189141,-2.6123676,0.5964997,1.7586657,-1.5893028,3.1272361,28.96516,
TCGA-D1-A0ZZ-01A-11R-A10J-07,-2.0297906,-4.422622,-5.625908,0.5111282,-2.2935386,3.7411282,-3.5045068,-8.771455,0.5231997,-0.42063364,1.2458564,7.2544575,0.39747378,-4.438394,-4.570511,3.0720088,-2.2757332,0.61286277,-5.260809,-1.4922167,9.11921,-2.925237,2.131872,-4.1329446,-0.86088985,-5.4555917,2.0207992,-6.280947,-0.6097221,1.5590397,-3.2685645,-1.7800254,15.95967,0.0
TCGA-B5-A5OE-01A-11R-A31O-07,-0.5313571,-2.2031965,-0.79173267,-1.6871923,1.9281285,4.793521,-1.926395,0.14557253,-0.953155,2.576826,2.9905317,4.072373,3.3324003,-0.82218313,0.69634926,7.1647625,-2.1468391,1.4337243,-3.1811717,-2.3763726,4.3953013,-2.2227707,-4.6231236,-1.8589668,2.1100452,-2.0022635,-1.3677485,1.1255214,3.0654407,1.0856985,-2.985876,-1.3905277,45.077553,
TCGA-D1-A1NW-01A-11R-A14M-07,3.8392396,-1.9019485,-3.736109,-0.6193046,0.32253394,-2.1177876,0.39849988,-1.0780337,2.0781872,0.48976192,-0.44933835,3.7534788,-0.1072393,0.45634618,-2.0544736,4.5747843,3.6492343,2.7955718,-2.7142103,-2.9968362,1.8269346,1.4989405,-0.6819573,4.210769,3.8458543,-3.4265966,0.4705073,-5.9150553,2.700794,3.333065,-0.9611081,0.05621358,16.577158,0.0
TCGA-AJ-A3NC-01A-11R-A22K-07,-0.6526964,0.67453384,-1.5057628,0.3481302,-0.2807503,-2.2154694,1.9688507,-2.7442548,-0.8037302,-1.8587213,1.4634631,-0.884117,0.42013004,0.7661353,-1.2995709,0.4833971,1.2120653,0.25654384,-0.5736728,-1.6032314,1.4181589,0.5761085,-0.619149,-3.3271332,0.41440934,-1.7404737,-0.2441501,-0.22296757,-0.068422966,-0.18055263,-1.4344176,-1.5181782,12.410086,
TCGA-AP-A054-01A-11R-A16W-07,3.7521842,2.4202218,2.7976482,-1.3687537,-3.19264,-0.5923955,1.9879149,-4.7275057,-1.5110018,-6.479142,-4.428504,1.5465707,-0.2687081,-5.6417656,-4.573872,6.848951,2.6413145,0.368111,-2.6431563,5.623206,-3.5622044,-3.9546719,-5.358633,-1.960878,1.8762871,-7.16299,8.181251,-5.9119954,1.7810498,1.1133301,-1.5415617,2.8968754,13.086035,1.0
TCGA-AX-A0IW-01A-11R-A040-07,1.9859983,-5.7533536,2.8250217,-1.476339,-1.6079683,0.38575408,-3.0590703,2.7588341,1.7704991,-1.2712108,-1.1796237,2.5789227,1.3200246,-0.9447463,-1.0722299,6.5983005,1.1244406,4.017311,-1.4996682,-5.03663,3.1447153,-4.0999513,-1.0018735,0.93970346,3.6334198,-1.373054,1.4411157,-1.7291025,1.4982617,-0.5239178,-0.06234552,2.516063,12.074485,0.0
TCGA-AJ-A3I9-01A-11R-A22K-07,-1.3452842,-0.89486504,-0.07113711,0.71152663,-1.0456941,1.5676398,0.92843145,-2.1572342,0.51821876,2.737881,-2.8473294,-1.9751002,1.3600173,-2.6767142,-2.6685202,2.153321,-0.53920305,2.0165613,-2.7681136,1.2891885,3.264131,-0.31457204,-2.0579946,-2.886748,-2.9119616,-2.9286523,-2.3897462,-0.25889888,4.469654,-0.070684485,-4.1393204,-3.1416247,26.872217,
TCGA-BS-A0WQ-01A-21R-A109-07,-0.39827242,-1.5907669,-2.8697524,0.48492414,0.7942592,-2.150259,-0.60244703,-0.92420435,0.8342589,-0.3054248,0.9136914,0.92880726,1.2058023,0.47082624,0.19120151,-0.20588376,1.3141273,2.2140527,0.25371388,1.1229517,0.94909596,-0.10149524,0.30823848,-2.0577028,0.56644744,-2.3570206,0.62397015,-2.6966617,-0.5672315,-1.0645092,-2.3905811,0.34980205,6.3371,0.0
TCGA-EY-A1GT-01A-11R-A13S-07,0.7123313,-0.5511618,-3.7686641,0.91345364,0.17499606,-0.10635809,-2.3176565,-2.3041654,-0.13517973,-3.1107092,0.5093741,0.54841423,0.5244223,-0.81766206,-1.9107847,3.98237,0.44720927,-2.575809,0.87332404,-2.9070885,1.9158424,-0.74273205,0.28853413,-1.919785,-0.03244667,-3.9476895,1.9546404,1.4692069,-4.0971313,0.11462276,-0.5211887,1.0271132,8.145523,0.0
TCGA-AP-A0LI-01A-11R-A040-07,-1.6147224,-3.6675131,-3.0614002,-3.6598485,2.0930116,6.260154,-2.347808,4.593495,1.6261165,0.46483797,2.2683077,2.2995813,4.103231,-2.7347858,-1.2035794,3.525126,-2.4731417,0.58803624,-2.2454891,-3.6139717,2.0514045,-2.865594,-4.9783936,5.0675774,1.1379687,-0.18879005,2.9707463,1.0730811,1.4085978,0.7363125,2.1560457,-1.0218397,16.755182,0.0
TCGA-BG-A0VZ-01A-11R-A109-07,0.52770334,0.340722,-0.27824733,-1.9678111,-0.053150658,1.8277855,-0.93817174,-2.0254493,0.66134346,-0.91797626,-0.38081035,-0.35532704,0.85932904,1.2038479,0.16775875,1.4395336,0.9448876,1.4026558,-0.9737735,0.265413,-0.7863786,0.46879905,0.079631254,0.7718189,-2.2409189,-0.7196651,0.8064209,-1.344875,1.4959049,0.99779546,0.1324472,0.22071497,22.349678,
TCGA-B5-A1MU-01A-11R-A13S-07,1.5301241,1.9747152,0.78163314,-2.0386899,1.7376809,2.5352433,0.996997,0.022110045,-0.75157017,-4.226524,0.19730556,2.470485,-0.78504616,-0.5623379,0.2908121,2.7457318,1.9305693,-1.6008433,-2.358005,-1.9980307,1.6665937,-4.535023,0.0071493248,-0.057107307,1.5715042,0.3054585,0.14918132,1.0867501,0.010517983,-0.28852263,2.1052177,1.9217246,16.245476,1.0
TCGA-D1-A15V-01A-11R-A118-07,0.60252964,-0.56733143,0.7288657,-1.9977007,2.0932004,3.322282,-0.43343258,-2.6844168,0.30808458,-0.9220762,2.7523928,3.327612,2.2128348,-2.4722388,-2.0008225,0.093185775,-1.8316679,0.25799415,-3.8478403,0.022321707,3.5551803,-4.2849846,0.8938143,-0.81934416,-1.5465578,-1.2003968,1.1323738,0.9905657,-0.28193972,0.35543022,-1.7788805,-0.03501002,10.76912,0.0
TCGA-AX-A1CI-01A-11R-A137-07,-3.2010558,-3.697588,-3.9565744,1.9706426,0.917104,-1.0753261,3.4552338,-2.3444943,-0.27365705,1.77498,-1.6803485,0.99701345,0.65362,1.7093669,0.39350784,-3.3762357,-0.5392403,4.4539704,2.0054252,-2.3422015,-0.5593689,-1.7005082,-1.4558663,-2.016501,-0.71963245,-4.727198,1.9189571,-1.3173773,0.5532574,-1.311216,1.3608922,-0.57402706,12.626847,0.0
TCGA-B5-A11M-01A-11R-A118-07,-1.7010982,0.20658115,-1.8693136,-0.08748278,-1.6474819,-0.22757371,-2.017774,-0.28889585,-1.4265805,-3.855443,-2.8729672,2.0864522,-0.032243762,2.1945565,-2.1435778,2.50627,1.2517048,-0.47342265,-0.066428125,0.23070864,1.0921159,-0.28092653,0.9319605,-3.2723885,-2.2107341,0.76899225,4.043726,-2.2220154,0.0911356,4.1695185,-0.25727573,1.8688217,7.4726257,0.0
TCGA-EC-A1QX-01A-31R-A16F-07,0.07030988,0.5426605,-2.0919635,-0.905733,1.1046071,3.285239,0.25817555,-2.0660417,-0.35649207,-0.94483995,2.3147469,1.660703,2.4086163,-0.46022597,-0.8746979,0.07724244,0.22059001,-1.0780368,-1.4582174,-3.0720422,-0.944689,-0.9363606,-0.23516886,1.3642154,0.2090069,-3.0396817,2.0228374,2.422378,-1.4692271,1.1215956,1.3455106,-1.3959913,4.895599,1.0
TCGA-BG-A18A-01A-21R-A12I-07,-3.9815273,-6.0134,-1.1381539,-1.7659452,-2.5500524,4.519717,-4.507674,-0.64005494,-0.8261371,-4.382465,-1.5914352,4.8234277,0.73630583,0.7317933,-2.4324791,0.95331717,2.4032464,-0.06630258,1.1439455,-2.8928878,1.8534366,-2.0869966,-1.5137368,0.92148685,-2.1617649,1.4404126,3.6446593,1.2974868,-0.5587902,2.8009555,1.2850537,0.30492914,4.244001,0.0
TCGA-BG-A0MA-01A-11R-A17B-07,-0.44494712,-0.15405965,-0.4824513,-1.4065568,-0.40867317,-0.6446559,-0.85467076,0.08504528,-0.3630962,-0.11726992,-1.5242432,0.65780044,0.2642439,0.33070892,1.0818558,0.38764563,1.7445397,1.1992381,-0.76527834,0.6609704,-0.5399754,-1.0152516,-0.2909662,-1.1962663,-0.4522434,-0.64440125,2.3577871,-1.2360213,0.23130971,0.0513943,-1.3907158,0.32749242,5.368042,1.0
TCGA-EY-A1GW-01A-22R-A13S-07,-1.9602953,-5.7609234,-2.8917515,0.84530425,1.5622414,3.2791061,0.2390329,-1.3801444,0.094624266,1.707693,-3.7359047,-1.6366469,0.07964018,3.4644787,0.53478795,0.42977563,-3.88833,3.392981,0.40078464,-3.7819903,0.23099068,0.11950138,-4.82557,-1.0669088,-6.269626,-4.9590564,1.0934896,2.183977,1.972048,1.1330276,-2.0267482,1.6475614,19.288054,1.0
TCGA-PG-A914-01A-11R-A37O-07,0.78312004,-0.78507155,1.1764127,-1.8538637,1.1017536,1.4291322,1.5145103,-1.9808929,0.19846083,0.63520104,1.7498639,3.369798,0.9798398,0.78516364,-0.38557047,6.103539,-2.5886204,2.3838973,-1.1583316,-3.1573107,4.4041934,-0.2952354,-0.8759583,-0.99827564,-0.56389064,-2.5186222,-1.2789898,-2.504996,4.4910393,1.3397447,-1.8545111,1.2389792,38.756393,
TCGA-BS-A0UJ-01A-12R-A104-07,-2.581049,-6.397253,-5.171563,-0.084067844,-0.22539666,-1.2742901,-1.9463433,0.39773738,0.3857518,-0.10202324,0.9046146,2.6056297,1.0025148,0.44225916,2.6477,-0.6655665,0.8352379,3.8564734,1.1070303,-2.190429,-1.4839816,0.9693877,-3.1547706,1.1920187,0.73260045,-3.1406624,-0.51620644,-0.18582605,1.6004212,-0.9768424,2.7802982,-0.8332442,13.929321,0.0
TCGA-BS-A0U8-01A-11R-A104-07,-0.72913563,-1.2417618,-2.1051326,2.137549,-2.6919868,0.629199,0.52181447,-0.12229544,-0.45796272,0.25464067,0.36516488,-1.1284666,1.2770165,0.38400194,0.4177178,0.07698509,-0.7370692,3.0240188,-0.96479905,-0.4297345,-1.8237004,-0.82214296,-0.1504009,-1.7472466,0.23633814,-1.1426966,1.1326485,-2.111465,-0.89779794,-0.62092614,0.02395766,-1.8154814,6.4961634,0.0
TCGA-B5-A1MY-01A-11R-A144-07,5.190416,-1.2195774,0.71860653,-3.008894,0.5548468,0.3283753,-1.2067894,-3.5016668,-3.6319487,-5.94989,-6.558377,1.3002524,0.8749051,6.003735,-4.2694054,5.4062943,-0.11443321,2.9892654,-2.5476327,-2.6368203,6.9631515,-3.105153,0.15499528,1.8628927,6.060401,-4.036632,4.0423093,-2.9354687,-0.107333206,7.103516,0.98708403,4.865309,15.488181,1.0
TCGA-AJ-A23N-01A-11R-A22K-07,-0.13525186,1.1532319,0.5883611,-1.2943741,0.54876393,2.2662795,2.4669135,-1.7768688,0.3476049,-4.312794,3.319928,2.646218,-0.5087645,0.8171439,0.01034188,4.1178217,-0.5605082,-0.09141715,-1.9724288,-1.1389698,4.6434793,-2.9286923,-1.9092685,-2.8800411,0.69668806,0.0077579548,-0.4814387,0.7472897,0.7099919,1.0567393,-0.40047872,1.050837,23.854475,
TCGA-AP-A0LV-01A-11R-A040-07,-0.13331428,-1.6995739,0.025142359,-0.26372972,-0.5893379,0.24062556,-0.788617,1.5584171,-0.097741395,-1.3141357,-1.0707266,1.0075649,2.398202,-0.85753065,0.25870296,-0.31111655,2.1505976,1.4048843,-0.1843237,1.1968657,0.8227626,-1.1545846,-2.1864018,-0.9485413,0.3008849,-0.074810304,1.2772746,0.15844461,-0.17179021,0.44392347,-1.7663149,1.8463045,5.184821,0.0
TCGA-EO-A1Y5-01A-11R-A157-07,3.4781141,0.071988225,2.5354695,0.34773812,3.020932,6.0437555,0.9015511,2.2794383,4.0759583,-1.6894004,-0.8898308,3.028429,2.6960824,-0.6039148,-1.2254844,4.739348,4.8130665,1.1003772,-3.8603103,-0.5564702,2.7990472,-1.7118136,-5.635253,2.6796002,0.14378281,-2.2989023,-0.36260933,-1.0288074,2.0725458,1.6883842,0.28996417,0.5724093,16.397882,0.0
TCGA-BS-A0U9-01B-21R-A10J-07,2.273603,0.07262528,1.4658593,-4.343345,5.279642,2.8297184,0.38191542,-1.6804107,-2.1014855,0.6715894,-3.1183026,6.6959066,-1.2806222,-3.1073468,-5.3551564,10.911676,0.13822402,7.2934103,0.19635452,0.12294816,-0.017080152,-4.5278726,-1.9976077,1.4952601,-0.99548686,-5.2071505,2.8519495,-0.14394948,5.397028,3.198428,-4.719129,2.9563487,18.8934,0.0
TCGA-FI-A2F8-01A-12R-A17B-07,1.0397074,-0.10613382,-1.5361843,-0.4399213,2.4841235,1.4216511,-0.025241377,-0.63132876,1.7328134,-0.008915512,1.3376801,0.9768926,-1.2067789,0.5657126,-0.7670573,3.4725938,0.19072194,2.399272,-0.8854207,-2.4295933,0.88319844,-4.364608,-1.3421851,1.1424903,-0.75375414,-2.8379033,1.9636271,1.7249411,0.77486557,1.8519865,-0.37148887,2.0503666,6.1309357,0.0
TCGA-BG-A0VV-01A-21R-A118-07,-1.088276,-1.909783,0.15848559,1.1521771,0.09424808,0.3805748,-2.0306668,-0.47256535,0.37321725,-0.74541825,-1.6930383,-0.17067748,0.12900199,0.17099924,-2.7011878,-0.20643729,0.7697556,0.44209567,-0.596369,0.99744606,2.8588672,0.39920837,-2.735548,-0.105699085,-2.2288458,-0.6902124,0.6206604,0.031790346,-1.1706649,2.2829432,1.3311609,-1.0690569,4.697607,0.0
TCGA-BG-A18B-01A-11R-A12I-07,-0.5998353,-1.4518124,0.66400295,0.35711116,-0.645415,0.406497,-1.3404006,-1.2438174,-0.1014889,-0.063303955,-1.0790199,-0.48981306,0.43600082,-0.20792688,-0.7349606,0.12201068,-1.5683472,1.3568497,-1.8618457,0.19492832,-0.85246575,1.2748771,-0.6530776,-1.5348561,-2.8166678,0.0731586,1.4593103,-0.915679,1.1411618,0.6336662,-0.35964522,-1.505052,5.5931354,0.0
TCGA-AX-A064-01A-11R-A00V-07,-0.21885757,-1.0124446,-4.6332364,1.4145288,-0.5392178,2.1479707,1.5965555,-4.3767595,-0.56335956,2.2014134,1.05284,0.8392371,0.5516877,1.1467274,-1.2719569,-0.75011307,0.08714678,2.6347399,-0.71217644,-2.2684376,-1.4494207,-2.4110363,-1.3554791,-1.3481597,-0.1760817,-5.428821,1.232681,-1.9618628,-3.3421183,1.1818231,3.3294053,-2.3360906,15.4632,0.0
TCGA-DI-A1C3-01A-41R-A137-07,-3.427404,-2.7982662,-4.9435906,0.19007374,-1.0613098,-1.5608783,0.84033525,2.7176054,-2.9029083,-0.9429258,-0.12403961,0.7497054,2.588771,3.607046,0.36607566,1.8524082,2.8558147,2.2900243,-0.14775936,1.5846701,0.14073044,-0.22976705,-2.3253067,-1.1398268,0.87002337,-0.4018707,1.1307367,-1.509011,1.5697591,0.62101233,0.10657168,1.7781755,13.371517,
TCGA-AJ-A3BF-01A-11R-A213-07,1.4182523,-2.890969,0.5500841,-0.5503642,-1.7560139,0.70157456,-0.39720842,-3.144871,-0.46814784,-1.4944475,0.8415745,2.1326714,1.0076982,-1.4624342,-1.4434348,5.019154,-0.5912293,0.8253058,-3.0203137,-1.8674307,6.1452208,-3.5823557,-0.5975634,-2.0208678,2.2915902,-0.28748918,-0.87844795,-2.0916595,1.3957022,1.0577186,-2.6526449,0.3947812,37.44328,
TCGA-AX-A1C7-01A-11R-A137-07,-3.0849538,-11.474025,3.3164601,3.6720235,1.2579478,4.708163,-6.4193077,4.1717196,0.18289752,3.2940018,-2.5267015,2.9052632,2.797641,3.820278,5.13776,4.114968,2.7118077,6.5654054,-7.2558875,0.51706237,10.664691,-1.3478551,-6.683095,3.5976782,2.945235,-4.2674785,-4.2202897,-2.3786442,1.5201993,-5.2215986,-4.6248655,-0.8591211,13.262749,1.0
TCGA-B5-A11W-01A-12R-A118-07,-1.7955185,-1.4363289,-0.6275155,0.54967856,-1.7762246,0.38659486,-2.5997465,-1.5607711,-1.9628272,-0.08732217,0.26325905,-1.0439612,1.0827516,2.353914,-2.2829988,1.410763,0.027907988,2.3449829,-1.9977357,0.051247068,-0.058213286,0.23168263,-1.2781024,-0.3820431,-2.8996003,0.13750589,2.1274486,-1.4721324,-1.3841312,2.32062,0.32534626,0.6267865,13.087713,0.0
TCGA-BK-A139-01A-11R-A118-07,2.582666,0.15469849,0.20050332,-2.3643773,3.0300164,6.396022,0.3498765,-1.3492228,1.7078023,0.14180827,-0.42920375,2.3838565,2.7704594,1.371007,0.25194857,1.5662382,-3.100156,-1.5433902,-2.4402182,-4.912781,-0.21886495,0.23993236,-0.97781706,-0.587985,-6.2663565,-2.5710363,-3.8194385,1.9255259,4.4064827,-1.2084193,-0.90808994,3.8979049,13.883985,0.0
TCGA-BG-A0MH-01A-11R-A118-07,-0.2163363,-0.0019647798,-1.4191442,-0.3030196,1.3464627,4.2066298,-0.5673335,-0.643431,-0.8396626,-2.4852557,-1.1028142,-0.12276981,1.0756267,0.8051225,-0.39271334,2.2125893,1.8013668,-0.862433,-1.1913493,-3.4274623,0.34665045,0.34088057,-1.9117196,2.1823602,0.14582331,-0.30155605,0.18075892,1.4127911,-0.5768327,1.2092334,0.9781802,1.2130206,22.13787,
TCGA-BG-A2AD-01A-21R-A16F-07,0.95519054,0.18936917,3.114083,-1.785685,-0.76846814,4.23071,-1.027936,-2.2556756,1.4489406,-2.7255332,2.987185,2.5706887,0.9387702,-2.125213,-0.43870762,1.7932358,-1.2657635,-1.2507573,-2.3083274,0.14332221,0.19136688,-0.705408,0.57689476,-2.4630625,-1.7335218,-2.4170039,2.3803089,0.7955962,-0.2884673,0.06319183,-2.2537415,2.401958,30.329817,
TCGA-BK-A139-01A-11R-A277-07,1.9934033,5.461652,-0.32207856,-0.48896816,3.2185338,3.5420659,6.669099,-4.389864,1.0217651,-3.0360656,-0.20446272,2.561836,3.0226622,6.549618,-4.105355,-2.5025573,-4.712141,-5.2111783,-3.6502132,-6.214589,0.7066622,-0.20803526,-2.160302,-4.6610975,-11.588885,-4.277654,-7.529966,2.0074384,3.27674,-1.3173512,-4.600316,3.0775983,7.5776677,0.0
TCGA-AP-A1E1-01A-11R-A137-07,-1.8395112,1.4514298,-0.56391585,0.45514175,0.15460247,-1.802584,-0.6285357,-1.0572366,0.8337322,-1.1517074,-0.3163348,0.5644206,-0.5407776,-2.5249794,-1.4719939,1.3838832,0.54334277,-0.54528195,-0.45171684,-0.8161733,-1.0431986,0.23129344,1.7252456,-1.4504492,-0.36661205,-2.7801654,1.3121002,-0.10128137,2.082368,-1.4990164,0.33474854,-3.1562738,9.540108,0.0
TCGA-EY-A1GR-01A-11R-A13S-07,-0.7158933,0.40789518,2.3857079,-2.446885,3.0896742,0.2892363,3.8800166,1.7479453,2.1031704,0.23057699,-8.426069,0.76949203,0.5211583,-1.9154371,0.22511692,3.47383,-1.7067239,2.2021942,-2.8268194,3.3692713,5.584138,-4.869463,-4.4109354,-0.65460134,-0.60955524,-5.6063323,-0.61775357,1.4988265,7.1204906,2.6407304,0.99004865,3.5796733,20.242165,0.0
TCGA-BG-A186-01A-11R-A12I-07,-2.6132889,-0.46487346,-2.9753716,0.46168903,1.2813264,-0.46591556,1.2564704,-1.225619,0.38655534,-1.141934,-2.481541,1.6196077,-0.23376314,0.34282845,0.7650662,-1.5295937,-0.32076827,0.7991986,1.1230235,-2.3719268,0.6660022,0.00011160785,0.20022643,-1.4973593,-0.10148276,-1.0769053,1.2329838,-0.66289824,0.91802484,0.5275289,1.1655749,0.074125126,5.783356,0.0
TCGA-EY-A2ON-01A-21R-A18M-07,0.82593817,-1.7622358,-0.8363344,-2.3888822,2.9843304,1.9455867,0.18035579,-2.9441469,1.0626085,1.4101033,3.102076,1.1431663,3.6208878,0.7639074,0.22006318,1.5952735,-3.0393765,-0.49114856,-4.15997,-3.982927,4.1904764,-2.8463166,-2.9750395,0.026314206,0.98445976,-2.2792475,-0.94012666,1.5267801,4.87627,3.88511,-1.6218262,-2.2564025,34.09308,
TCGA-EY-A1GC-01A-11R-A13S-07,-0.18227725,1.7764724,-1.2387911,-5.9574184,4.603039,3.3158164,3.4870343,4.778498,-0.33635128,1.0424881,-8.273546,1.7948371,0.060435224,-5.31985,1.9719136,3.4160943,-2.8138144,2.0841818,1.0299013,-4.691904,5.998646,1.8309019,-4.9479785,-1.3809792,-1.023539,-3.9300401,-2.1385581,1.18825,5.776222,1.591437,0.08592274,-1.6047455,18.40988,0.0
TCGA-A5-A0GU-01A-11R-A16W-07,-1.1951398,0.7146596,-0.039758924,-0.8070606,2.2802837,-1.0404953,-1.4119059,-1.6274921,1.587617,-1.823683,-1.8293658,0.4782301,-0.42926216,0.5354096,1.5895594,-0.769882,1.3615634,0.09747429,-0.13052943,-1.0266912,1.7771908,0.056310214,0.29202998,-0.69803894,-1.0919032,-1.7631371,0.36283258,0.41389185,1.2143576,-0.48681948,-1.510075,-2.3518949,6.1893063,0.0
TCGA-AJ-A3NG-01A-11R-A22K-07,-0.70448977,0.07849232,0.722375,-0.9842728,-2.933048,0.37356606,1.8529879,-2.9646854,0.9166753,-3.7585056,1.0665499,-0.44472632,1.1658814,-1.3871082,-3.5864077,3.3754003,-0.04445244,-0.13069849,-1.8723435,0.31055963,1.8236818,-1.2794062,0.5109441,-3.9616652,-1.601928,-2.3038504,-0.19341224,0.17249626,2.1189148,-0.14304757,-3.3513248,2.2136788,28.381538,
TCGA-B5-A0JS-01A-11R-A104-07,-2.1636028,-1.3781084,-0.79846734,1.0695132,1.2601007,2.0970166,-2.3102188,-0.2978625,-0.28081682,-2.9558387,-2.6973727,-0.9101854,0.5312755,0.8172959,-1.1451969,-0.18975687,0.18410166,0.12538697,0.29736322,0.82485783,1.8728509,1.3994844,-3.9722865,0.73180723,-2.7049096,-0.023958065,1.1420083,1.3807764,-0.96359974,0.8537161,-1.0836246,-1.2705897,6.251961,0.0
TCGA-D1-A174-01A-11R-A12I-07,-4.449299,-6.4349566,-2.706555,-1.2004931,-2.9575722,6.945709,-2.4108083,1.4086996,-1.7670556,-3.829875,-2.3181274,5.145907,-0.103876874,-2.1830628,-0.12040108,1.7111075,-0.21695338,0.51961255,0.51329184,-2.453927,-1.3766869,-0.60148185,-2.8044376,1.4329498,-0.87588096,2.156533,3.605035,0.043689035,1.87747,-0.8386786,4.10905,-1.8159449,7.087769,0.0
TCGA-H5-A2HR-01A-11R-A180-07,-2.082673,-6.8046255,1.9604988,1.6129769,-0.89356977,4.490941,-1.3622346,3.5634367,-2.7961798,3.1598728,-1.6114645,2.4404633,3.394204,1.3104812,3.6590424,3.3721023,0.5783642,3.0499284,-5.803249,-0.0061250413,4.2452555,-0.6023791,-7.553454,0.9207974,1.5574828,-3.9313703,-3.3576682,-0.9912957,2.4491386,-2.5928862,0.20256163,-0.8789762,37.29519,
TCGA-PG-A5BC-01A-12R-A27V-07,0.66701627,0.12375671,-1.0680183,0.038532082,-0.989058,0.13260521,0.6559599,-1.6130705,-0.22272721,-0.9603996,0.80841976,0.6943927,-0.018627403,3.6217005,-1.7797368,3.3630247,-0.10368953,0.81600577,-3.1853426,0.8112873,5.3016977,-3.5083506,-0.7929292,-2.0355153,0.47992313,-1.2927866,0.7352882,-0.7326618,-0.04379001,3.198924,-1.8756667,0.66127956,32.19409,
TCGA-AX-A06B-01A-11R-A00V-07,0.16159053,3.1641064,-2.5036943,0.025636964,1.5855409,1.780056,2.8388174,-1.0236042,1.3602295,-1.3817723,-4.723689,-0.66584647,-0.58827585,0.049177688,-1.1088607,0.32984042,1.0473943,0.07446812,-3.1214526,0.7948331,2.5403616,-3.523026,-3.5070546,-0.9006726,0.32397255,-1.6547633,-0.53517944,1.2096939,1.4536308,2.322486,0.10969921,2.351577,9.217142,0.0
